num,length,end,level
1,90,90,LIMBO
2,27,117,LIMBO
3,66,183,LIMBO
4,22,205,LIMBO
5,40,245,LIMBO
6,34,279,LIMBO
7,35,314,LIMBO
8,21,335,LIMBO
9,48,383,LIMBO
10,19,402,LIMBO
11,25,427,LIMBO
12,24,451,LIMBO
13,15,466,LIMBO
14,56,522,LIMBO
15,110,632,LIMBO
16,43,675,LIMBO
17,31,706,LIMBO
18,56,762,LIMBO
19,51,813,LIMBO
20,73,886,LIMBO
21,45,931,LIMBO
22,32,963,LIMBO
23,66,1029,LIMBO
24,91,1120,LIMBO
25,37,1157,LIMBO
26,70,1227,LIMBO
27,56,1283,LIMBO
28,16,1299,DL2
29,51,1350,DL2
30,10,1360,DL2
31,23,1383,DL2
32,15,1398,DL2
33,8,1406,DL2
34,70,1476,DL2
35,13,1489,DL2
36,48,1537,DL2
37,49,1586,DL2
38,39,1625,DL2
39,64,1689,DL2
40,14,1703,DL2
41,125,1828,DL2
42,48,1876,DL2
43,36,1912,DL2
44,55,1967,DL2
45,28,1995,DL2
46,33,2028,DL2
47,35,2063,DL2
48,23,2086,DL2
49,30,2116,DL2
50,22,2138,DL2
51,21,2159,DL2
52,25,2184,DL2
53,17,2201,DL2
54,11,2212,DL2
55,42,2254,DL2
56,26,2280,DL1
57,36,2316,DL1
58,40,2356,DL1
59,48,2404,DL1
60,29,2433,DL1
61,36,2469,DL1
62,18,2487,DL1
63,86,2573,DL1
64,29,2602,DL1
65,15,2617,DL1
66,40,2657,DL1
67,76,2733,DL2
68,20,2753,DL2
69,28,2781,DL2
70,39,2820,DL2
71,22,2842,DL2
72,25,2867,DL2
73,21,2888,DL2
74,36,2924,DL2
75,56,2980,DL2
76,131,3111,DL2
77,11,3122,DL2
78,38,3160,DL2
79,39,3199,DL2
80,25,3224,DL2
81,27,3251,DL2
82,22,3273,DL2
83,22,3295,DL2
84,22,3317,DL2
85,14,3331,DL2
86,29,3360,DL2
87,18,3378,DL2
88,13,3391,DL2
89,15,3406,DL2
90,18,3424,DL2
91,18,3442,DL2
92,30,3472,DL2
93,30,3502,DL2
94,27,3529,DL2
95,15,3544,DL2
96,11,3555,DL2
97,8,3563,DL2
98,10,3573,DL2
99,13,3586,DL2
100,11,3597,DL2
101,16,3613,DL2
102,23,3636,DL2
103,23,3659,DL2
104,28,3687,DL2
105,16,3703,DL2
106,9,3712,DL2
107,10,3722,DL2
108,55,3777,DL2
109,29,3806,DL2
110,16,3822,DL2
111,18,3840,DL2
112,14,3854,DL2
113,52,3906,DL2
114,29,3935,DL2
115,12,3947,DL2
116,14,3961,DL2
117,12,3973,DL2
118,99,4072,DL2
119,103,4175,DL2
120,17,4192,DL2
121,31,4223,DL2
122,23,4246,DL2
123,106,4352,DL2
124,24,4376,DL2
125,18,4394,DL2
126,22,4416,DL2
127,45,4461,DL2
128,13,4474,DL2
129,26,4500,DL2
130,23,4523,DL2
131,16,4539,DL2
132,35,4574,DL2
133,42,4616,DL2
134,28,4644,DL2
135,38,4682,DL2
136,54,4736,DL2
137,20,4756,DL2
138,20,4776,DL2
139,25,4801,DL2
140,15,4816,DL2
141,44,4860,DL2
142,77,4937,DL2
143,16,4953,DL2
144,11,4964,DL2
145,11,4975,DL2
146,38,5013,DL2
147,19,5032,DL2
148,24,5056,DL2
149,8,5064,DL2
150,9,5073,DL2
151,8,5081,DL2
152,8,5089,DL2
153,9,5098,DL1
154,7,5105,DL2
155,8,5113,DL2
156,21,5134,DL2
157,13,5147,DL1
158,10,5157,DL1
159,16,5173,DL1
160,53,5226,DL1
161,9,5235,DL2
162,13,5248,DL2
163,15,5263,DL2
164,6,5269,DL2
165,10,5279,DL2
166,13,5292,DL2
167,32,5324,DL2
168,18,5342,DL2
169,70,5412,DL2
170,15,5427,DL2
171,8,5435,DL2
172,11,5446,DL2
173,11,5457,DL2
174,27,5484,DL2
175,10,5494,DL2
176,42,5536,DL2
177,25,5561,DL2
178,13,5574,DL2
179,15,5589,DL2
180,10,5599,DL2
181,22,5621,DL2
182,10,5631,DL2
183,8,5639,DL2
184,13,5652,DL2
185,33,5685,DL2
186,11,5696,DL2
187,10,5706,DL2
188,13,5719,DL2
189,10,5729,DL2
190,9,5738,DL2
191,10,5748,DL2
192,18,5766,DL2
193,11,5777,DL1
194,22,5799,DL1
195,15,5814,DL1
196,24,5838,DL1
197,29,5867,DL1
198,10,5877,DL1
199,13,5890,DL2
200,26,5916,DL2
201,16,5932,DL2
202,9,5941,DL2
203,16,5957,DL2
204,13,5970,DL1
205,13,5983,DL2
206,18,6001,DL2
207,16,6017,DL2
208,6,6023,DL2
209,10,6033,DL1
210,21,6054,DL1
211,9,6063,DL1
212,33,6096,DL2
213,12,6108,DL2
214,9,6117,DL2
215,12,6129,DL1
216,20,6149,DL1
217,18,6167,DL1
218,10,6177,DL1
219,41,6218,DL1
220,17,6235,DL2
221,17,6252,DL2
222,30,6282,DL1
223,26,6308,DL2
224,9,6317,DL2
225,13,6330,DL2
226,48,6378,DL1
227,18,6396,DL2
228,28,6424,DL2
229,60,6484,DL1
230,19,6503,DL1
231,33,6536,DL1
232,14,6550,DL1
233,69,6619,DL1
234,16,6635,LIMBO
235,20,6655,DL1
236,33,6688,DL1
237,32,6720,DL1
238,64,6784,DL1
239,16,6800,DL1
240,12,6812,DL1
241,17,6829,DL1
242,15,6844,DL1
243,30,6874,DL1
244,28,6902,DL1
245,33,6935,DL1
246,20,6955,DL1
247,12,6967,DL1
248,20,6987,DL1
249,20,7007,DL1
250,29,7036,DL1
251,15,7051,DL1
252,12,7063,DL1
253,22,7085,DL1
254,26,7111,DL1
255,11,7122,DL1
256,16,7138,REAL
257,20,7158,REAL
258,20,7178,REAL
259,23,7201,REAL
260,22,7223,REAL
261,17,7240,REAL
262,37,7277,REAL
263,14,7291,REAL
264,11,7302,REAL
265,29,7331,REAL
266,20,7351,REAL
267,16,7367,REAL
268,52,7419,REAL
269,23,7442,DL1
270,28,7470,DL1
271,29,7499,DL1
272,21,7520,DL1
273,13,7533,DL1
274,38,7571,DL1
275,14,7585,DL1
276,12,7597,DL1
277,12,7609,DL1
278,25,7634,DL1
279,13,7647,DL1
280,21,7668,DL1
281,19,7687,DL1
282,33,7720,DL1
283,28,7748,DL1
284,26,7774,DL1
285,20,7794,DL1
286,98,7892,DL1
287,25,7917,DL1
288,12,7929,DL1
289,61,7990,DL1
290,23,8013,DL1
291,18,8031,DL1
292,24,8055,DL1
293,23,8078,REAL
294,21,8099,REAL
295,21,8120,DL1
296,21,8141,REAL
297,44,8185,REAL
298,25,8210,DL1
299,26,8236,DL1
300,12,8248,DL1
301,62,8310,DL1
302,14,8324,DL1
303,42,8366,DL1
304,22,8388,REAL
305,25,8413,DL1
306,11,8424,DL1
307,12,8436,REAL
308,14,8450,REAL
309,12,8462,REAL
310,11,8473,REAL
311,14,8487,REAL
312,18,8505,REAL
313,17,8522,REAL
314,26,8548,REAL
315,17,8565,REAL
316,16,8581,REAL
317,13,8594,REAL
318,11,8605,REAL
319,74,8679,REAL
320,11,8690,REAL
321,33,8723,REAL
322,9,8732,REAL
323,9,8741,REAL
324,74,8815,REAL
325,58,8873,REAL
326,21,8894,REAL
327,27,8921,REAL
328,17,8938,REAL
329,51,8989,REAL
330,82,9071,REAL
331,147,9218,REAL
332,39,9257,REAL
333,33,9290,REAL
334,33,9323,REAL
335,144,9467,REAL
336,18,9485,COBB
337,106,9591,REAL
338,19,9610,COBB
339,187,9797,REAL
340,26,9823,COBB
341,152,9975,REAL
342,19,9994,COBB
343,215,10209,REAL
344,47,10256,REAL
345,26,10282,REAL
346,85,10367,REAL
347,12,10379,REAL
348,37,10416,REAL
349,8,10424,REAL
350,36,10460,REAL
351,18,10478,REAL
352,29,10507,REAL
353,16,10523,REAL
354,58,10581,REAL
355,27,10608,REAL
356,101,10709,REAL
357,21,10730,REAL
358,8,10738,REAL
359,44,10782,REAL
360,13,10795,REAL
361,12,10807,REAL
362,20,10827,REAL
363,19,10846,REAL
364,19,10865,REAL
365,31,10896,REAL
366,61,10957,REAL
367,19,10976,REAL
368,14,10990,REAL
369,43,11033,REAL
370,13,11046,REAL
371,32,11078,REAL
372,15,11093,REAL
373,8,11101,REAL
374,131,11232,REAL
375,18,11250,REAL
376,17,11267,REAL
377,11,11278,REAL
378,15,11293,REAL
379,9,11302,REAL
380,13,11315,REAL
381,43,11358,REAL
382,47,11405,REAL
383,16,11421,REAL
384,27,11448,REAL
385,15,11463,REAL
386,15,11478,REAL
387,34,11512,REAL
388,9,11521,REAL
389,32,11553,REAL
390,51,11604,REAL
391,22,11626,REAL
392,19,11645,REAL
393,48,11693,REAL
394,18,11711,REAL
395,13,11724,REAL
396,51,11775,REAL
397,11,11786,REAL
398,85,11871,REAL
399,35,11906,REAL
400,17,11923,REAL
401,70,11993,REAL
402,15,12008,REAL
403,36,12044,REAL
404,123,12167,REAL
405,125,12292,REAL
406,132,12424,REAL
407,54,12478,REAL
408,47,12525,REAL
409,19,12544,REAL
410,43,12587,REAL
411,39,12626,REAL
412,132,12758,REAL
413,20,12778,REAL
414,26,12804,REAL
415,16,12820,REAL
416,64,12884,REAL
417,53,12937,REAL
418,43,12980,REAL
419,34,13014,REAL
420,21,13035,REAL
421,37,13072,REAL
422,14,13086,REAL
423,54,13140,REAL
424,44,13184,REAL
425,38,13222,REAL
426,23,13245,REAL
427,82,13327,REAL
428,26,13353,REAL
429,28,13381,REAL
430,31,13412,REAL
431,70,13482,REAL
432,64,13546,REAL
433,48,13594,REAL
434,23,13617,REAL
435,50,13667,REAL
436,16,13683,REAL
437,13,13696,REAL
438,40,13736,REAL
439,20,13756,REAL
440,28,13784,REAL
441,83,13867,REAL
442,72,13939,REAL
443,44,13983,REAL
444,24,14007,REAL
445,42,14049,REAL
446,123,14172,REAL
447,31,14203,REAL
448,41,14244,REAL
449,33,14277,REAL
450,42,14319,REAL
451,60,14379,REAL
452,74,14453,REAL
453,127,14580,REAL
454,18,14598,REAL
455,14,14612,REAL
456,28,14640,REAL
457,23,14663,REAL
458,15,14678,REAL
459,23,14701,REAL
460,20,14721,REAL
461,11,14732,REAL
462,48,14780,REAL
463,25,14805,REAL
464,28,14833,REAL
465,26,14859,REAL
466,17,14876,REAL
467,19,14895,REAL
468,24,14919,REAL
469,8,14927,REAL
470,10,14937,REAL
471,22,14959,REAL
472,11,14970,REAL
473,12,14982,REAL
474,12,14994,REAL
475,15,15009,REAL
476,14,15023,REAL
477,17,15040,REAL
478,16,15056,REAL
479,20,15076,REAL
480,86,15162,REAL
481,80,15242,REAL
482,26,15268,REAL
483,17,15285,REAL
484,13,15298,REAL
485,19,15317,REAL
486,23,15340,DL1
487,38,15378,DL1
488,34,15412,DL1
489,61,15473,DL1
490,91,15564,DL1
491,23,15587,DL1
492,44,15631,DL1
493,14,15645,DL1
494,11,15656,DL1
495,32,15688,DL1
496,47,15735,DL1
497,35,15770,DL1
498,53,15823,DL1
499,70,15893,DL1
500,46,15939,DL1
501,19,15958,DL1
502,37,15995,DL1
503,23,16018,DL1
504,32,16050,DL1
505,30,16080,DL1
506,18,16098,DL1
507,19,16117,DL1
508,32,16149,DL1
509,27,16176,DL1
510,45,16221,DL1
511,22,16243,DL1
512,10,16253,DL1
513,13,16266,DL1
514,16,16282,DL1
515,8,16290,DL1
516,40,16330,DL1
517,29,16359,DL1
518,12,16371,DL1
519,50,16421,DL1
520,16,16437,DL1
521,17,16454,DL1
522,10,16464,DL1
523,12,16476,DL1
524,36,16512,DL1
525,22,16534,DL1
526,21,16555,DL1
527,23,16578,DL1
528,21,16599,DL1
529,36,16635,REAL
530,22,16657,REAL
531,24,16681,REAL
532,149,16830,REAL
533,50,16880,REAL
534,61,16941,REAL
535,20,16961,REAL
536,22,16983,REAL
537,25,17008,REAL
538,9,17017,REAL
539,9,17026,REAL
540,36,17062,REAL
541,64,17126,DL1
542,40,17166,DL1
543,238,17404,DL1
544,47,17451,DL1
545,22,17473,DL1
546,55,17528,DL1
547,53,17581,DL1
548,37,17618,DL1
549,42,17660,DL1
550,33,17693,DL1
551,119,17812,DL1
552,30,17842,DL1
553,74,17916,DL1
554,28,17944,DL1
555,23,17967,DL1
556,25,17992,DL1
557,27,18019,DL1
558,25,18044,DL1
559,22,18066,DL1
560,40,18106,DL1
561,75,18181,DL1
562,41,18222,DL1
563,37,18259,DL1
564,36,18295,DL1
565,124,18419,DL1
566,55,18474,DL1
567,18,18492,DL1
568,35,18527,DL1
569,65,18592,DL1
570,21,18613,DL1
571,96,18709,DL1
572,67,18776,DL1
573,178,18954,DL1
574,43,18997,DL1
575,40,19037,DL1
576,39,19076,DL1
577,17,19093,DL1
578,33,19126,DL1
579,18,19144,DL1
580,33,19177,DL1
581,22,19199,COBB
582,15,19214,DL1
583,20,19234,COBB
584,62,19296,DL1
585,25,19321,DL1
586,37,19358,DL1
587,20,19378,DL1
588,43,19421,DL1
589,91,19512,DL1
590,34,19546,DL1
591,37,19583,DL1
592,21,19604,DL1
593,9,19613,DL1
594,9,19622,DL1
595,16,19638,DL1
596,12,19650,DL1
597,8,19658,DL1
598,8,19666,DL1
599,9,19675,DL1
600,136,19811,REAL
601,11,19822,REAL
602,34,19856,REAL
603,16,19872,REAL
604,97,19969,REAL
605,25,19994,REAL
606,21,20015,REAL
607,17,20032,REAL
608,15,20047,REAL
609,15,20062,REAL
610,31,20093,REAL
611,17,20110,REAL
612,7,20117,REAL
613,35,20152,REAL
614,27,20179,REAL
615,40,20219,REAL
616,42,20261,REAL
617,15,20276,REAL
618,63,20339,REAL
619,48,20387,REAL
620,24,20411,REAL
621,24,20435,REAL
622,17,20452,REAL
623,63,20515,REAL
624,19,20534,REAL
625,38,20572,REAL
626,19,20591,REAL
627,16,20607,REAL
628,40,20647,REAL
629,38,20685,REAL
630,64,20749,REAL
631,13,20762,REAL
632,16,20778,REAL
633,11,20789,REAL
634,18,20807,REAL
635,9,20816,REAL
636,26,20842,REAL
637,144,20986,REAL
638,119,21105,REAL
639,21,21126,REAL
640,27,21153,REAL
641,15,21168,REAL
642,25,21193,REAL
643,34,21227,REAL
644,38,21265,REAL
645,33,21298,REAL
646,18,21316,REAL
647,62,21378,REAL
648,16,21394,REAL
649,31,21425,REAL
650,39,21464,REAL
651,131,21595,REAL
652,7,21602,REAL
653,31,21633,REAL
654,16,21649,REAL
655,12,21661,REAL
656,14,21675,REAL
657,63,21738,REAL
658,43,21781,REAL
659,10,21791,REAL
660,11,21802,REAL
661,24,21826,REAL
662,24,21850,REAL
663,22,21872,REAL
664,32,21904,REAL
665,10,21914,REAL
666,38,21952,REAL
667,21,21973,REAL
668,9,21982,REAL
669,7,21989,REAL
670,9,21998,REAL
671,9,22007,REAL
672,10,22017,REAL
673,9,22026,REAL
674,18,22044,REAL
675,7,22051,REAL
676,8,22059,REAL
677,26,22085,REAL
678,27,22112,REAL
679,19,22131,REAL
680,17,22148,REAL
681,13,22161,REAL
682,17,22178,REAL
683,17,22195,REAL
684,19,22214,REAL
685,7,22221,REAL
686,12,22233,REAL
687,19,22252,REAL
688,13,22265,REAL
689,59,22324,REAL
690,32,22356,REAL
691,28,22384,REAL
692,8,22392,REAL
693,86,22478,REAL
694,15,22493,REAL
695,28,22521,REAL
696,14,22535,REAL
697,22,22557,REAL
698,34,22591,REAL
699,14,22605,REAL
700,18,22623,REAL
701,12,22635,REAL
702,9,22644,REAL
703,18,22662,REAL
704,23,22685,REAL
705,7,22692,REAL
706,7,22699,REAL
707,9,22708,REAL
708,11,22719,REAL
709,9,22728,REAL
710,7,22735,REAL
711,10,22745,REAL
712,10,22755,REAL
713,9,22764,REAL
714,22,22786,REAL
715,18,22804,REAL
716,11,22815,REAL
717,15,22830,REAL
718,16,22846,REAL
719,11,22857,REAL
720,9,22866,REAL
721,5,22871,REAL
722,10,22881,REAL
723,11,22892,REAL
724,23,22915,REAL
725,12,22927,REAL
726,12,22939,REAL
727,13,22952,REAL
728,16,22968,REAL
729,27,22995,REAL
730,21,23016,REAL
731,11,23027,REAL
732,37,23064,REAL
733,7,23071,REAL
734,10,23081,REAL
735,9,23090,REAL
736,39,23129,REAL
737,11,23140,REAL
738,26,23166,REAL
739,16,23182,REAL
740,21,23203,REAL
741,26,23229,REAL
742,27,23256,REAL
743,15,23271,REAL
744,8,23279,REAL
745,31,23310,REAL
746,12,23322,REAL
747,20,23342,REAL
748,74,23416,REAL
749,38,23454,REAL
750,29,23483,REAL
751,46,23529,REAL
752,23,23552,REAL
753,51,23603,DL1
754,26,23629,DL1
755,30,23659,DL1
756,21,23680,DL1
757,27,23707,DL1
758,15,23722,DL1
759,14,23736,DL1
760,126,23862,DL1
761,226,24088,DL1
762,14,24102,DL1
763,91,24193,DL1
764,19,24212,DL1
765,45,24257,DL1
766,15,24272,DL1
767,42,24314,DL1
768,22,24336,DL1
769,22,24358,DL1
770,57,24415,DL1
771,22,24437,DL1
772,62,24499,REAL
773,23,24522,REAL
774,25,24547,REAL
775,28,24575,REAL
776,34,24609,REAL
777,19,24628,REAL
778,7,24635,REAL
779,32,24667,REAL
780,37,24704,REAL
781,35,24739,REAL
782,45,24784,REAL
783,29,24813,REAL
784,11,24824,REAL
785,19,24843,REAL
786,17,24860,REAL
787,69,24929,REAL
788,24,24953,REAL
789,26,24979,REAL
790,70,25049,REAL
791,18,25067,REAL
792,42,25109,REAL
793,36,25145,REAL
794,40,25185,REAL
795,30,25215,REAL
796,94,25309,REAL
797,11,25320,REAL
798,29,25349,REAL
799,27,25376,REAL
800,112,25488,REAL
801,38,25526,REAL
802,21,25547,REAL
803,53,25600,REAL
804,21,25621,REAL
805,48,25669,REAL
806,113,25782,REAL
807,40,25822,REAL
808,55,25877,REAL
809,17,25894,COBB
810,22,25916,COBB
811,15,25931,COBB
812,16,25947,COBB
813,10,25957,COBB
814,13,25970,COBB
815,22,25992,COBB
816,45,26037,REAL
817,18,26055,REAL
818,36,26091,REAL
819,34,26125,REAL
820,16,26141,REAL
821,15,26156,REAL
822,16,26172,COBB
823,16,26188,REAL
824,12,26200,REAL
825,9,26209,REAL
826,54,26263,REAL
827,21,26284,REAL
828,7,26291,REAL
829,51,26342,REAL
830,34,26376,REAL
831,27,26403,REAL
832,21,26424,REAL
833,19,26443,REAL
834,206,26649,REAL
835,59,26708,REAL
836,16,26724,REAL
837,30,26754,REAL
838,26,26780,REAL
839,11,26791,REAL
840,53,26844,REAL
841,33,26877,REAL
842,30,26907,REAL
843,27,26934,REAL
844,33,26967,REAL
845,27,26994,REAL
846,17,27011,REAL
847,33,27044,REAL
848,38,27082,REAL
849,32,27114,REAL
850,115,27229,REAL
851,38,27267,REAL
852,179,27446,REAL
853,25,27471,REAL
854,89,27560,REAL
855,34,27594,REAL
856,10,27604,REAL
857,64,27668,REAL
858,21,27689,REAL
859,16,27705,REAL
860,26,27731,REAL
861,42,27773,REAL
862,22,27795,REAL
863,21,27816,REAL
864,57,27873,REAL
865,66,27939,REAL
866,42,27981,REAL
867,96,28077,REAL
868,27,28104,REAL
869,49,28153,REAL
870,20,28173,REAL
871,55,28228,REAL
872,56,28284,REAL
873,20,28304,REAL
874,45,28349,REAL
875,35,28384,REAL
876,37,28421,REAL
877,30,28451,REAL
878,50,28501,REAL
879,42,28543,REAL
880,37,28580,REAL
881,22,28602,REAL
882,25,28627,REAL
883,28,28655,REAL
884,58,28713,REAL
885,28,28741,REAL
886,15,28756,REAL
887,14,28770,REAL
888,19,28789,REAL
889,54,28843,REAL
890,50,28893,REAL
891,19,28912,REAL
892,29,28941,REAL
893,17,28958,REAL
894,16,28974,REAL
895,16,28990,REAL
896,41,29031,REAL
897,123,29154,REAL
898,16,29170,REAL
899,22,29192,REAL
900,43,29235,REAL
901,39,29274,REAL
902,38,29312,REAL
903,50,29362,REAL
904,35,29397,REAL
905,25,29422,REAL
906,16,29438,REAL
907,12,29450,REAL
908,25,29475,REAL
909,13,29488,REAL
910,11,29499,REAL
911,43,29542,REAL
912,27,29569,REAL
913,44,29613,REAL
914,55,29668,REAL
915,47,29715,REAL
916,83,29798,REAL
917,77,29875,REAL
918,25,29900,REAL
919,17,29917,REAL
920,12,29929,REAL
921,13,29942,REAL
922,13,29955,REAL
923,57,30012,REAL
924,30,30042,REAL
925,23,30065,REAL
926,57,30122,REAL
927,69,30191,REAL
928,15,30206,REAL
929,98,30304,REAL
930,40,30344,REAL
931,33,30377,REAL
932,30,30407,REAL
933,47,30454,DL1
934,70,30524,DL1
935,27,30551,DL1
936,39,30590,REAL
937,13,30603,REAL
938,58,30661,REAL
939,27,30688,REAL
940,32,30720,REAL
941,25,30745,REAL
942,23,30768,REAL
943,44,30812,REAL
944,16,30828,REAL
945,34,30862,REAL
946,33,30895,REAL
947,13,30908,REAL
948,68,30976,REAL
949,49,31025,REAL
950,41,31066,REAL
951,44,31110,REAL
952,22,31132,REAL
953,25,31157,REAL
954,16,31173,REAL
955,61,31234,REAL
956,12,31246,REAL
957,30,31276,REAL
958,41,31317,REAL
959,38,31355,REAL
960,32,31387,REAL
961,60,31447,REAL
962,18,31465,REAL
963,20,31485,REAL
964,18,31503,REAL
965,42,31545,REAL
966,32,31577,REAL
967,91,31668,REAL
968,53,31721,REAL
969,50,31771,REAL
970,20,31791,REAL
971,13,31804,REAL
972,25,31829,REAL
973,18,31847,REAL
974,11,31858,REAL
975,11,31869,REAL
976,30,31899,REAL
977,10,31909,REAL
978,22,31931,REAL
979,87,32018,REAL
980,16,32034,REAL
981,15,32049,REAL
982,19,32068,REAL
983,50,32118,REAL
984,32,32150,REAL
985,26,32176,REAL
986,21,32197,REAL
987,33,32230,REAL
988,36,32266,REAL
989,75,32341,REAL
990,28,32369,REAL
991,28,32397,REAL
992,34,32431,REAL
993,55,32486,COBB
994,37,32523,COBB
995,53,32576,COBB
996,47,32623,COBB
997,61,32684,COBB
998,32,32716,COBB
999,78,32794,COBB
1000,91,32885,COBB
1001,29,32914,COBB
1002,27,32941,COBB
1003,10,32951,COBB
1004,23,32974,COBB
1005,40,33014,COBB
1006,78,33092,COBB
1007,24,33116,COBB
1008,45,33161,COBB
1009,35,33196,COBB
1010,23,33219,COBB
1011,32,33251,COBB
1012,16,33267,COBB
1013,26,33293,COBB
1014,31,33324,COBB
1015,27,33351,COBB
1016,44,33395,COBB
1017,27,33422,COBB
1018,36,33458,COBB
1019,16,33474,COBB
1020,13,33487,COBB
1021,19,33506,COBB
1022,43,33549,COBB
1023,25,33574,COBB
1024,14,33588,COBB
1025,29,33617,COBB
1026,27,33644,COBB
1027,38,33682,COBB
1028,27,33709,COBB
1029,20,33729,COBB
1030,19,33748,COBB
1031,8,33756,COBB
1032,11,33767,COBB
1033,34,33801,COBB
1034,21,33822,COBB
1035,111,33933,COBB
1036,108,34041,COBB
1037,17,34058,COBB
1038,23,34081,COBB
1039,17,34098,COBB
1040,48,34146,COBB
1041,69,34215,COBB
1042,46,34261,COBB
1043,21,34282,COBB
1044,21,34303,COBB
1045,29,34332,COBB
1046,24,34356,COBB
1047,20,34376,COBB
1048,26,34402,COBB
1049,59,34461,COBB
1050,23,34484,COBB
1051,36,34520,COBB
1052,16,34536,COBB
1053,43,34579,COBB
1054,11,34590,COBB
1055,10,34600,COBB
1056,10,34610,COBB
1057,7,34617,COBB
1058,22,34639,COBB
1059,10,34649,COBB
1060,33,34682,COBB
1061,38,34720,COBB
1062,35,34755,COBB
1063,11,34766,COBB
1064,44,34810,COBB
1065,34,34844,COBB
1066,23,34867,COBB
1067,27,34894,COBB
1068,65,34959,COBB
1069,17,34976,COBB
1070,10,34986,COBB
1071,13,34999,COBB
1072,19,35018,COBB
1073,18,35036,COBB
1074,20,35056,COBB
1075,58,35114,COBB
1076,17,35131,COBB
1077,34,35165,COBB
1078,30,35195,COBB
1079,57,35252,COBB
1080,17,35269,COBB
1081,24,35293,COBB
1082,22,35315,COBB
1083,27,35342,COBB
1084,15,35357,COBB
1085,91,35448,COBB
1086,35,35483,COBB
1087,29,35512,COBB
1088,21,35533,COBB
1089,19,35552,COBB
1090,13,35565,COBB
1091,18,35583,COBB
1092,15,35598,COBB
1093,26,35624,COBB
1094,13,35637,COBB
1095,36,35673,COBB
1096,15,35688,COBB
1097,11,35699,COBB
1098,8,35707,COBB
1099,8,35715,COBB
1100,7,35722,COBB
1101,7,35729,COBB
1102,7,35736,COBB
1103,7,35743,COBB
1104,5,35748,COBB
1105,11,35759,COBB
1106,10,35769,COBB
1107,6,35775,COBB
1108,7,35782,COBB
1109,9,35791,COBB
1110,32,35823,COBB
1111,17,35840,COBB
1112,11,35851,COBB
1113,11,35862,COBB
1114,14,35876,COBB
1115,54,35930,REAL
1116,37,35967,REAL
1117,70,36037,REAL
1118,25,36062,REAL
1119,24,36086,REAL
1120,22,36108,REAL
1121,11,36119,REAL
1122,45,36164,REAL
1123,39,36203,REAL
1124,20,36223,REAL
1125,11,36234,REAL
1126,19,36253,REAL
1127,34,36287,REAL
1128,16,36303,REAL
1129,13,36316,REAL
1130,19,36335,REAL
1131,34,36369,REAL
1132,75,36444,REAL
1133,11,36455,REAL
1134,21,36476,REAL
1135,41,36517,REAL
1136,123,36640,REAL
1137,34,36674,REAL
1138,42,36716,REAL
1139,74,36790,REAL
1140,38,36828,REAL
1141,31,36859,REAL
1142,53,36912,REAL
1143,21,36933,REAL
1144,29,36962,REAL
1145,25,36987,REAL
1146,45,37032,REAL
1147,58,37090,REAL
1148,24,37114,REAL
1149,11,37125,REAL
1150,12,37137,REAL
1151,112,37249,REAL
1152,41,37290,REAL
1153,57,37347,REAL
1154,106,37453,REAL
1155,9,37462,REAL
1156,164,37626,REAL
1157,62,37688,REAL
1158,89,37777,REAL
1159,39,37816,REAL
1160,27,37843,REAL
1161,29,37872,REAL
1162,29,37901,REAL
1163,43,37944,REAL
1164,20,37964,REAL
1165,16,37980,REAL
1166,18,37998,REAL
1167,24,38022,REAL
1168,18,38040,REAL
1169,13,38053,REAL
1170,7,38060,REAL
1171,26,38086,REAL
1172,23,38109,REAL
1173,123,38232,DL1
1174,24,38256,DL1
1175,23,38279,DL1
1176,13,38292,DL1
1177,21,38313,DL1
1178,35,38348,DL1
1179,16,38364,DL1
1180,22,38386,DL1
1181,16,38402,DL1
1182,11,38413,DL1
1183,16,38429,DL1
1184,171,38600,DL1
1185,37,38637,DL1
1186,39,38676,DL1
1187,62,38738,DL1
1188,12,38750,DL1
1189,12,38762,DL1
1190,10,38772,DL1
1191,8,38780,DL1
1192,11,38791,DL1
1193,21,38812,DL1
1194,13,38825,DL1
1195,12,38837,DL1
1196,9,38846,DL1
1197,49,38895,DL1
1198,11,38906,DL1
1199,19,38925,DL1
1200,10,38935,DL1
1201,10,38945,DL1
1202,23,38968,DL1
1203,18,38986,DL1
1204,37,39023,DL1
1205,43,39066,DL1
1206,18,39084,DL1
1207,11,39095,DL1
1208,13,39108,DL1
1209,9,39117,DL1
1210,31,39148,DL1
1211,8,39156,DL1
1212,25,39181,DL1
1213,7,39188,DL1
1214,6,39194,DL1
1215,11,39205,DL1
1216,13,39218,DL1
1217,10,39228,DL1
1218,6,39234,DL1
1219,26,39260,DL1
1220,19,39279,DL1
1221,35,39314,DL1
1222,13,39327,DL1
1223,16,39343,DL1
1224,13,39356,DL1
1225,14,39370,DL1
1226,10,39380,DL1
1227,19,39399,DL1
1228,8,39407,DL1
1229,10,39417,DL1
1230,12,39429,DL1
1231,10,39439,DL1
1232,10,39449,DL1
1233,9,39458,DL1
1234,12,39470,DL1
1235,11,39481,DL1
1236,17,39498,DL1
1237,10,39508,DL1
1238,9,39517,DL1
1239,7,39524,DL1
1240,6,39530,DL1
1241,8,39538,DL1
1242,8,39546,DL1
1243,9,39555,DL1
1244,9,39564,DL1
1245,7,39571,DL1
1246,9,39580,DL1
1247,7,39587,DL1
1248,9,39596,DL1
1249,12,39608,DL1
1250,15,39623,DL1
1251,6,39629,DL1
1252,33,39662,DL1
1253,9,39671,DL1
1254,6,39677,DL1
1255,16,39693,DL1
1256,7,39700,DL1
1257,9,39709,DL1
1258,11,39720,DL1
1259,8,39728,DL1
1260,7,39735,DL1
1261,6,39741,DL1
1262,8,39749,DL1
1263,9,39758,DL1
1264,9,39767,DL1
1265,6,39773,DL1
1266,11,39784,DL1
1267,11,39795,DL1
1268,10,39805,DL1
1269,11,39816,DL1
1270,10,39826,DL1
1271,8,39834,DL1
1272,10,39844,DL1
1273,15,39859,DL1
1274,9,39868,DL1
1275,33,39901,DL1
1276,7,39908,DL1
1277,53,39961,DL1
1278,14,39975,DL1
1279,48,40023,DL1
1280,34,40057,DL1
1281,76,40133,DL1
1282,30,40163,DL1
1283,40,40203,DL1
1284,77,40280,DL1
1285,29,40309,DL1
1286,64,40373,DL1
1287,9,40382,DL1
1288,38,40420,DL1
1289,36,40456,DL1
1290,28,40484,DL1
1291,108,40592,DL1
1292,15,40607,DL1
1293,33,40640,DL1
1294,176,40816,DL1
1295,19,40835,DL1
1296,8,40843,DL1
1297,138,40981,DL1
1298,33,41014,DL1
1299,46,41060,DL1
1300,23,41083,DL1
1301,15,41098,DL1
1302,32,41130,DL1
1303,22,41152,DL1
1304,76,41228,DL1
1305,66,41294,DL1
1306,80,41374,DL1
1307,22,41396,DL1
1308,10,41406,DL1
1309,17,41423,DL1
1310,83,41506,DL1
1311,71,41577,DL1
1312,25,41602,DL1
1313,70,41672,DL1
1314,66,41738,DL1
1315,64,41802,DL1
1316,17,41819,DL1
1317,66,41885,DL1
1318,31,41916,DL1
1319,9,41925,DL1
1320,11,41936,DL1
1321,98,42034,DL1
1322,43,42077,DL1
1323,58,42135,DL1
1324,46,42181,DL1
1325,29,42210,DL1
1326,17,42227,DL1
1327,28,42255,DL1
1328,22,42277,DL1
1329,27,42304,DL1
1330,28,42332,DL1
1331,41,42373,DL1
1332,43,42416,DL1
1333,19,42435,DL1
1334,41,42476,DL1
1335,38,42514,DL1
1336,35,42549,DL1
1337,37,42586,DL1
1338,23,42609,DL1
1339,15,42624,DL1
1340,23,42647,DL1
1341,12,42659,DL1
1342,114,42773,DL1
1343,29,42802,DL1
1344,26,42828,DL1
1345,15,42843,DL1
1346,37,42880,DL1
1347,49,42929,DL1
1348,70,42999,DL1
1349,193,43192,DL1
1350,10,43202,DL1
1351,41,43243,DL1
1352,19,43262,DL1
1353,43,43305,DL1
1354,74,43379,DL1
1355,22,43401,DL1
1356,42,43443,DL1
1357,18,43461,DL1
1358,62,43523,DL1
1359,24,43547,DL1
1360,28,43575,DL1
1361,15,43590,DL1
1362,21,43611,DL1
1363,13,43624,DL1
1364,12,43636,DL1
1365,31,43667,DL1
1366,77,43744,DL1
1367,41,43785,DL1
1368,50,43835,DL1
1369,24,43859,DL1
1370,30,43889,DL1
1371,17,43906,DL1
1372,25,43931,DL1
1373,109,44040,DL1
1374,36,44076,DL1
1375,29,44105,DL1
1376,19,44124,DL1
1377,45,44169,DL1
1378,16,44185,DL1
1379,24,44209,DL1
1380,46,44255,DL1
1381,21,44276,DL1
1382,31,44307,DL1
1383,26,44333,DL1
1384,28,44361,DL1
1385,41,44402,DL1
1386,41,44443,DL1
1387,32,44475,DL1
1388,93,44568,DL1
1389,46,44614,DL1
1390,38,44652,DL1
1391,240,44892,DL1
1392,36,44928,DL1
1393,14,44942,DL1
1394,13,44955,DL1
1395,46,45001,DL1
1396,27,45028,DL1
1397,25,45053,DL1
1398,27,45080,DL1
1399,22,45102,DL1
1400,27,45129,DL1
1401,18,45147,DL1
1402,21,45168,DL1
1403,20,45188,DL1
1404,188,45376,DL1
1405,30,45406,DL1
1406,45,45451,DL1
1407,18,45469,COBB
1408,25,45494,COBB
1409,50,45544,COBB
1410,34,45578,DL1
1411,47,45625,COBB
1412,32,45657,COBB
1413,18,45675,DL1
1414,40,45715,DL1
1415,75,45790,DL1
1416,18,45808,DL1
1417,17,45825,COBB
1418,39,45864,COBB
1419,34,45898,DL1
1420,15,45913,DL1
1421,17,45930,COBB
1422,25,45955,COBB
1423,21,45976,COBB
1424,23,45999,COBB
1425,15,46014,COBB
1426,18,46032,COBB
1427,47,46079,COBB
1428,37,46116,DL1
1429,22,46138,DL1
1430,43,46181,DL1
1431,31,46212,COBB
1432,49,46261,COBB
1433,33,46294,COBB
1434,29,46323,DL1
1435,34,46357,COBB
1436,81,46438,COBB
1437,143,46581,DL1
1438,65,46646,COBB
1439,13,46659,COBB
1440,64,46723,COBB
1441,14,46737,COBB
1442,19,46756,COBB
1443,13,46769,COBB
1444,17,46786,COBB
1445,28,46814,COBB
1446,84,46898,DL1
1447,41,46939,COBB
1448,26,46965,COBB
1449,33,46998,COBB
1450,16,47014,COBB
1451,15,47029,COBB
1452,17,47046,COBB
1453,10,47056,COBB
1454,22,47078,COBB
1455,27,47105,COBB
1456,14,47119,COBB
1457,16,47135,COBB
1458,16,47151,COBB
1459,24,47175,COBB
1460,26,47201,COBB
1461,31,47232,COBB
1462,27,47259,COBB
1463,38,47297,COBB
1464,32,47329,COBB
1465,143,47472,COBB
1466,47,47519,COBB
1467,5,47524,COBB
1468,8,47532,COBB
1469,26,47558,COBB
1470,42,47600,COBB
1471,53,47653,COBB
1472,28,47681,COBB
1473,46,47727,COBB
1474,23,47750,COBB
1475,54,47804,COBB
1476,42,47846,COBB
1477,17,47863,COBB
1478,19,47882,COBB
1479,62,47944,COBB
1480,20,47964,COBB
1481,81,48045,COBB
1482,22,48067,COBB
1483,15,48082,COBB
1484,17,48099,COBB
1485,9,48108,COBB
1486,44,48152,COBB
1487,18,48170,COBB
1488,25,48195,COBB
1489,23,48218,COBB
1490,18,48236,COBB
1491,11,48247,COBB
1492,9,48256,COBB
1493,11,48267,COBB
1494,15,48282,COBB
1495,11,48293,COBB
1496,32,48325,COBB
1497,7,48332,COBB
1498,7,48339,COBB
1499,9,48348,COBB
1500,21,48369,COBB
1501,15,48384,DL1
1502,21,48405,DL1
1503,30,48435,DL1
1504,15,48450,DL1
1505,27,48477,COBB
1506,21,48498,COBB
1507,12,48510,COBB
1508,18,48528,COBB
1509,11,48539,COBB
1510,12,48551,COBB
1511,7,48558,COBB
1512,26,48584,COBB
1513,14,48598,COBB
1514,12,48610,COBB
1515,12,48622,COBB
1516,40,48662,COBB
1517,21,48683,COBB
1518,22,48705,DL1
1519,25,48730,DL1
1520,19,48749,DL1
1521,35,48784,DL1
1522,38,48822,DL1
1523,53,48875,DL1
1524,44,48919,DL1
1525,57,48976,DL1
1526,19,48995,DL1
1527,20,49015,DL1
1528,10,49025,DL1
1529,8,49033,DL1
1530,13,49046,DL1
1531,147,49193,DL1
1532,27,49220,DL1
1533,61,49281,DL1
1534,18,49299,DL1
1535,56,49355,DL1
1536,19,49374,DL1
1537,38,49412,DL1
1538,14,49426,DL1
1539,73,49499,DL1
1540,139,49638,DL1
1541,18,49656,DL1
1542,37,49693,DL1
1543,10,49703,DL1
1544,22,49725,DL1
1545,6,49731,DL1
1546,26,49757,DL1
1547,16,49773,DL1
1548,10,49783,DL1
1549,7,49790,DL1
1550,25,49815,DL1
1551,10,49825,DL1
1552,11,49836,DL1
1553,18,49854,DL1
1554,6,49860,DL1
1555,11,49871,DL1
1556,30,49901,DL1
1557,12,49913,DL1
1558,52,49965,DL1
1559,7,49972,DL1
1560,34,50006,DL1
1561,9,50015,DL1
1562,16,50031,DL1
1563,27,50058,DL1
1564,99,50157,DL1
1565,8,50165,DL1
1566,27,50192,DL1
1567,48,50240,DL1
1568,45,50285,DL1
1569,22,50307,DL1
1570,18,50325,DL1
1571,74,50399,DL1
1572,21,50420,DL1
1573,12,50432,DL1
1574,20,50452,DL1
1575,10,50462,DL1
1576,10,50472,DL1
1577,12,50484,DL1
1578,54,50538,DL1
1579,24,50562,DL1
1580,37,50599,DL1
1581,22,50621,DL1
1582,12,50633,DL1
1583,33,50666,DL1
1584,41,50707,DL1
1585,17,50724,DL1
1586,36,50760,DL1
1587,13,50773,DL1
1588,15,50788,DL1
1589,20,50808,DL1
1590,12,50820,DL1
1591,10,50830,DL1
1592,7,50837,DL1
1593,9,50846,DL1
1594,15,50861,DL1
1595,6,50867,DL1
1596,5,50872,DL1
1597,44,50916,DL2
1598,22,50938,DL2
1599,46,50984,DL2
1600,30,51014,DL2
1601,23,51037,DL2
1602,50,51087,DL2
1603,59,51146,DL2
1604,30,51176,DL2
1605,33,51209,DL2
1606,15,51224,DL2
1607,25,51249,DL2
1608,26,51275,DL2
1609,29,51304,DL2
1610,18,51322,DL2
1611,11,51333,DL2
1612,22,51355,DL2
1613,24,51379,DL2
1614,33,51412,DL2
1615,65,51477,DL2
1616,48,51525,DL2
1617,33,51558,DL2
1618,118,51676,DL2
1619,35,51711,DL2
1620,15,51726,DL2
1621,12,51738,DL2
1622,25,51763,DL2
1623,25,51788,DL2
1624,20,51808,DL2
1625,22,51830,DL2
1626,54,51884,DL2
1627,25,51909,DL2
1628,10,51919,DL1
1629,8,51927,DL1
1630,18,51945,DL1
1631,10,51955,DL1
1632,9,51964,DL1
1633,15,51979,DL2
1634,46,52025,DL2
1635,26,52051,DL2
1636,14,52065,DL2
1637,64,52129,DL2
1638,13,52142,DL2
1639,19,52161,DL2
1640,11,52172,DL2
1641,24,52196,DL2
1642,42,52238,DL2
1643,21,52259,DL2
1644,51,52310,DL2
1645,79,52389,DL2
1646,53,52442,DL2
1647,34,52476,DL2
1648,13,52489,DL2
1649,8,52497,DL2
1650,13,52510,DL2
1651,19,52529,DL2
1652,13,52542,DL2
1653,16,52558,DL2
1654,7,52565,DL2
1655,9,52574,DL2
1656,106,52680,DL2
1657,10,52690,DL2
1658,7,52697,DL2
1659,39,52736,DL2
1660,16,52752,DL2
1661,23,52775,DL2
1662,17,52792,DL2
1663,21,52813,DL2
1664,24,52837,DL2
1665,37,52874,DL2
1666,12,52886,DL2
1667,9,52895,DL2
1668,6,52901,DL2
1669,47,52948,DL2
1670,13,52961,DL1
1671,7,52968,DL1
1672,7,52975,DL1
1673,8,52983,DL1
1674,31,53014,DL1
1675,26,53040,DL2
1676,39,53079,DL2
1677,23,53102,DL2
1678,13,53115,DL2
1679,58,53173,DL2
1680,17,53190,DL2
1681,17,53207,DL2
1682,14,53221,DL2
1683,149,53370,DL2
1684,12,53382,DL1
1685,11,53393,DL1
1686,16,53409,DL1
1687,29,53438,DL1
1688,20,53458,DL1
1689,23,53481,DL1
1690,24,53505,DL2
1691,29,53534,DL2
1692,27,53561,DL2
1693,14,53575,DL2
1694,18,53593,DL2
1695,16,53609,DL2
1696,12,53621,DL2
1697,17,53638,DL2
1698,142,53780,DL2
1699,24,53804,DL2
1700,101,53905,DL2
1701,57,53962,DL2
1702,65,54027,DL2
1703,66,54093,DL2
1704,15,54108,DL2
1705,12,54120,DL2
1706,45,54165,DL2
1707,21,54186,DL2
1708,13,54199,DL2
1709,26,54225,DL2
1710,42,54267,DL2
1711,26,54293,DL2
1712,12,54305,DL2
1713,15,54320,DL2
1714,8,54328,DL2
1715,8,54336,DL2
1716,11,54347,DL2
1717,5,54352,DL2
1718,5,54357,DL2
1719,6,54363,DL2
1720,5,54368,DL2
1721,20,54388,DL2
1722,52,54440,DL2
1723,12,54452,DL2
1724,28,54480,DL2
1725,40,54520,DL2
1726,21,54541,DL2
1727,24,54565,DL2
1728,40,54605,DL2
1729,52,54657,DL2
1730,49,54706,DL2
1731,56,54762,DL2
1732,39,54801,DL2
1733,26,54827,DL2
1734,18,54845,DL2
1735,43,54888,DL2
1736,39,54927,DL2
1737,35,54962,DL2
1738,13,54975,DL2
1739,14,54989,DL2
1740,10,54999,DL2
1741,37,55036,DL2
1742,33,55069,DL2
1743,13,55082,DL2
1744,156,55238,DL2
1745,65,55303,DL2
1746,39,55342,DL2
1747,83,55425,DL2
1748,92,55517,DL2
1749,11,55528,DL2
1750,21,55549,DL2
1751,49,55598,DL2
1752,53,55651,DL2
1753,16,55667,DL2
1754,72,55739,DL2
1755,66,55805,DL2
1756,26,55831,DL2
1757,14,55845,DL2
1758,12,55857,DL2
1759,45,55902,DL2
1760,26,55928,DL2
1761,15,55943,DL2
1762,42,55985,DL2
1763,93,56078,DL2
1764,16,56094,DL2
1765,43,56137,DL2
1766,15,56152,DL2
1767,54,56206,DL2
1768,11,56217,DL2
1769,55,56272,DL2
1770,35,56307,DL2
1771,26,56333,DL2
1772,77,56410,DL2
1773,21,56431,DL2
1774,16,56447,DL2
1775,10,56457,DL2
1776,11,56468,DL2
1777,16,56484,DL2
1778,16,56500,DL2
1779,8,56508,DL2
1780,18,56526,DL2
1781,14,56540,DL2
1782,23,56563,DL2
1783,26,56589,DL2
1784,31,56620,DL2
1785,23,56643,DL2
1786,10,56653,DL2
1787,60,56713,DL2
1788,120,56833,DL2
1789,6,56839,DL2
1790,24,56863,DL2
1791,29,56892,DL2
1792,7,56899,DL2
1793,22,56921,DL2
1794,31,56952,DL2
1795,16,56968,DL2
1796,49,57017,DL2
1797,24,57041,DL2
1798,20,57061,DL2
1799,25,57086,DL2
1800,39,57125,DL2
1801,48,57173,DL2
1802,24,57197,DL2
1803,44,57241,DL2
1804,16,57257,DL2
1805,23,57280,DL2
1806,16,57296,DL2
1807,56,57352,DL2
1808,118,57470,DL2
1809,91,57561,DL2
1810,17,57578,DL2
1811,32,57610,DL2
1812,35,57645,DL2
1813,16,57661,DL2
1814,30,57691,DL2
1815,25,57716,DL2
1816,33,57749,DL2
1817,31,57780,DL2
1818,22,57802,DL2
1819,17,57819,DL2
1820,32,57851,DL2
1821,74,57925,DL2
1822,15,57940,DL2
1823,20,57960,DL2
1824,28,57988,DL2
1825,25,58013,DL2
1826,20,58033,DL2
1827,13,58046,DL2
1828,33,58079,DL2
1829,35,58114,DL2
1830,103,58217,DL2
1831,20,58237,DL2
1832,39,58276,DL3
1833,71,58347,DL3
1834,15,58362,DL3
1835,70,58432,DL3
1836,14,58446,DL3
1837,24,58470,DL3
1838,43,58513,DL2
1839,10,58523,DL1
1840,32,58555,DL1
1841,9,58564,DL1
1842,26,58590,DL2
1843,13,58603,DL2
1844,49,58652,DL2
1845,18,58670,DL2
1846,17,58687,DL2
1847,16,58703,DL2
1848,29,58732,DL2
1849,14,58746,DL1
1850,10,58756,DL1
1851,17,58773,DL1
1852,39,58812,DL1
1853,34,58846,DL1
1854,18,58864,DL1
1855,31,58895,DL2
1856,29,58924,DL2
1857,9,58933,DL2
1858,23,58956,DL1
1859,7,58963,DL1
1860,8,58971,DL1
1861,6,58977,DL1
1862,26,59003,DL1
1863,10,59013,DL1
1864,6,59019,DL1
1865,8,59027,DL1
1866,7,59034,DL1
1867,6,59040,DL1
1868,5,59045,DL1
1869,5,59050,DL1
1870,11,59061,DL1
1871,5,59066,DL1
1872,6,59072,DL1
1873,10,59082,DL1
1874,7,59089,DL2
1875,5,59094,DL2
1876,8,59102,DL1
1877,22,59124,DL1
1878,23,59147,DL1
1879,13,59160,DL2
1880,29,59189,DL2
1881,12,59201,DL2
1882,6,59207,DL2
1883,8,59215,DL2
1884,11,59226,DL2
1885,17,59243,DL2
1886,12,59255,DL2
1887,12,59267,DL1
1888,11,59278,DL1
1889,8,59286,DL1
1890,10,59296,DL1
1891,10,59306,DL1
1892,12,59318,DL1
1893,8,59326,DL1
1894,22,59348,DL1
1895,11,59359,DL1
1896,13,59372,DL1
1897,11,59383,DL2
1898,170,59553,DL2
1899,21,59574,DL1
1900,17,59591,DL2
1901,13,59604,DL2
1902,8,59612,DL2
1903,9,59621,DL2
1904,10,59631,DL2
1905,12,59643,DL2
1906,16,59659,DL1
1907,30,59689,DL2
1908,6,59695,DL2
1909,15,59710,DL2
1910,18,59728,DL2
1911,14,59742,DL2
1912,13,59755,DL2
1913,9,59764,DL2
1914,17,59781,DL1
1915,80,59861,DL2
1916,22,59883,DL1
1917,19,59902,DL1
1918,7,59909,DL2
1919,7,59916,DL2
1920,6,59922,DL2
1921,8,59930,DL2
1922,8,59938,DL2
1923,42,59980,DL2
1924,64,60044,DL1
1925,18,60062,DL1
1926,23,60085,DL1
1927,17,60102,DL2
1928,44,60146,DL2
1929,84,60230,DL3
1930,43,60273,DL3
1931,17,60290,DL3
1932,19,60309,DL3
1933,27,60336,DL3
1934,12,60348,DL3
1935,10,60358,DL3
1936,8,60366,DL3
1937,27,60393,DL3
1938,16,60409,DL3
1939,16,60425,DL3
1940,20,60445,DL3
1941,10,60455,DL3
1942,8,60463,DL3
1943,19,60482,DL3
1944,15,60497,DL3
1945,19,60516,DL3
1946,61,60577,DL3
1947,31,60608,DL3
1948,27,60635,DL3
1949,98,60733,DL1
1950,24,60757,DL1
1951,22,60779,DL1
1952,11,60790,DL1
1953,9,60799,DL1
1954,26,60825,DL1
1955,39,60864,DL1
1956,11,60875,DL1
1957,11,60886,DL1
1958,33,60919,DL1
1959,24,60943,DL1
1960,10,60953,DL1
1961,23,60976,DL1
1962,22,60998,DL1
1963,31,61029,DL3
1964,33,61062,DL3
1965,27,61089,DL3
1966,12,61101,DL3
1967,24,61125,DL3
1968,17,61142,DL3
1969,9,61151,DL3
1970,17,61168,DL3
1971,29,61197,DL3
1972,13,61210,DL3
1973,13,61223,DL3
1974,51,61274,DL3
1975,21,61295,DL1
1976,35,61330,DL1
1977,13,61343,DL1
1978,11,61354,DL1
1979,12,61366,DL1
1980,9,61375,DL1
1981,12,61387,DL1
1982,31,61418,DL1
1983,11,61429,DL1
1984,15,61444,DL1
1985,18,61462,DL1
1986,21,61483,DL1
1987,11,61494,DL1
1988,21,61515,DL1
1989,47,61562,DL1
1990,22,61584,DL2
1991,35,61619,DL2
1992,29,61648,DL3
1993,16,61664,DL3
1994,32,61696,DL3
1995,22,61718,DL3
1996,16,61734,DL3
1997,31,61765,DL3
1998,13,61778,DL3
1999,17,61795,DL3
2000,21,61816,DL3
2001,32,61848,DL3
2002,18,61866,DL3
2003,11,61877,DL1
2004,13,61890,DL1
2005,16,61906,DL3
2006,17,61923,DL2
2007,9,61932,DL2
2008,18,61950,DL2
2009,9,61959,DL3
2010,11,61970,DL3
2011,16,61986,DL3
2012,17,62003,DL3
2013,21,62024,DL3
2014,15,62039,DL3
2015,9,62048,DL3
2016,14,62062,DL3
2017,9,62071,DL3
2018,11,62082,DL3
2019,12,62094,DL3
2020,10,62104,DL3
2021,13,62117,DL3
2022,25,62142,DL3
2023,20,62162,DL3
2024,38,62200,DL3
2025,12,62212,DL3
2026,9,62221,DL3
2027,15,62236,DL3
2028,26,62262,DL3
2029,40,62302,DL3
2030,26,62328,DL3
2031,12,62340,DL3
2032,10,62350,DL3
2033,25,62375,DL3
2034,21,62396,DL3
2035,11,62407,DL3
2036,21,62428,DL3
2037,22,62450,DL3
2038,18,62468,DL3
2039,23,62491,DL3
2040,32,62523,DL3
2041,14,62537,DL3
2042,14,62551,DL3
2043,11,62562,DL3
2044,11,62573,DL3
2045,9,62582,DL3
2046,12,62594,DL3
2047,11,62605,DL3
2048,15,62620,DL3
2049,12,62632,DL3
2050,9,62641,DL3
2051,18,62659,DL3
2052,13,62672,DL3
2053,9,62681,DL3
2054,8,62689,DL3
2055,6,62695,DL3
2056,5,62700,DL3
2057,13,62713,DL1
2058,19,62732,DL1
2059,8,62740,DL1
2060,8,62748,DL2
2061,5,62753,DL2
2062,13,62766,DL2
2063,16,62782,DL2
2064,21,62803,DL2
2065,120,62923,DL2
2066,17,62940,DL1
2067,13,62953,DL1
2068,10,62963,DL1
2069,9,62972,DL1
2070,8,62980,DL1
2071,11,62991,DL2
2072,14,63005,DL1
2073,9,63014,DL1
2074,14,63028,DL1
2075,25,63053,DL1
2076,2,63055,DL2
2077,16,63071,DL3
2078,30,63101,DL1
2079,76,63177,DL3
2080,14,63191,DL3
2081,13,63204,DL3
2082,42,63246,DL3
2083,20,63266,DL3
2084,17,63283,DL3
2085,24,63307,DL3
2086,22,63329,DL3
2087,18,63347,DL3
2088,42,63389,DL3
2089,15,63404,DL3
2090,56,63460,DL3
2091,54,63514,DL3
2092,88,63602,DL3
2093,17,63619,DL3
2094,9,63628,DL3
2095,7,63635,DL3
2096,10,63645,DL3
2097,18,63663,DL3
2098,80,63743,DL3
2099,33,63776,DL3
2100,20,63796,DL3
2101,12,63808,DL3
2102,23,63831,DL1
2103,34,63865,DL1
2104,32,63897,DL1
2105,23,63920,DL1
2106,13,63933,DL1
2107,23,63956,DL2
2108,35,63991,DL2
2109,45,64036,DL2
2110,49,64085,DL2
2111,19,64104,DL2
2112,22,64126,DL2
2113,21,64147,DL2
2114,23,64170,DL3
2115,9,64179,DL3
2116,7,64186,DL3
2117,11,64197,DL3
2118,6,64203,DL3
2119,43,64246,DL3
2120,53,64299,DL3
2121,37,64336,DL3
2122,35,64371,DL3
2123,59,64430,DL3
2124,13,64443,DL3
2125,56,64499,DL3
2126,24,64523,DL3
2127,11,64534,DL3
2128,18,64552,DL3
2129,28,64580,DL3
2130,55,64635,DL3
2131,11,64646,DL3
2132,15,64661,DL3
2133,11,64672,DL3
2134,11,64683,DL3
2135,32,64715,DL3
2136,25,64740,DL3
2137,27,64767,DL3
2138,25,64792,DL3
2139,13,64805,DL3
2140,28,64833,DL3
2141,31,64864,DL3
2142,20,64884,DL2
2143,21,64905,DL2
2144,17,64922,DL2
2145,10,64932,DL2
2146,10,64942,DL2
2147,8,64950,DL2
2148,10,64960,DL2
2149,48,65008,DL2
2150,14,65022,DL2
2151,22,65044,DL2
2152,11,65055,DL2
2153,5,65060,DL2
2154,31,65091,DL2
2155,8,65099,DL2
2156,19,65118,DL2
2157,40,65158,DL2
2158,37,65195,DL2
2159,35,65230,DL2
2160,29,65259,DL3
2161,19,65278,DL3
2162,23,65301,DL3
2163,10,65311,DL3
2164,7,65318,DL3
2165,15,65333,DL3
2166,9,65342,DL3
2167,17,65359,DL3
2168,18,65377,DL3
2169,25,65402,DL3
2170,32,65434,DL1
2171,22,65456,DL1
2172,42,65498,DL2
2173,21,65519,DL2
2174,39,65558,DL2
2175,38,65596,DL3
2176,43,65639,DL3
2177,20,65659,DL3
2178,10,65669,DL3
2179,17,65686,DL3
2180,19,65705,DL3
2181,16,65721,DL3
2182,12,65733,DL3
2183,9,65742,DL3
2184,8,65750,DL3
2185,16,65766,DL3
2186,10,65776,DL3
2187,10,65786,DL3
2188,13,65799,DL3
2189,15,65814,DL3
2190,27,65841,DL2
2191,69,65910,DL2
2192,27,65937,DL2
2193,26,65963,DL2
2194,14,65977,DL2
2195,27,66004,DL2
2196,83,66087,DL3
2197,27,66114,DL3
2198,27,66141,DL3
2199,20,66161,DL3
2200,20,66181,DL3
2201,21,66202,DL2
2202,17,66219,DL2
2203,39,66258,DL2
2204,62,66320,DL3
2205,129,66449,DL3
2206,12,66461,DL3
2207,9,66470,DL3
2208,9,66479,DL3
2209,8,66487,DL3
2210,9,66496,DL3
2211,6,66502,DL3
2212,7,66509,DL3
2213,18,66527,DL3
2214,6,66533,DL3
2215,10,66543,DL3
2216,5,66548,DL3
2217,35,66583,DL3
2218,51,66634,DL2
2219,33,66667,DL2
2220,23,66690,DL3
2221,27,66717,DL3
2222,75,66792,DL3
2223,20,66812,DL3
2224,17,66829,DL3
2225,11,66840,DL3
2226,46,66886,DL3
2227,12,66898,DL3
2228,15,66913,DL3
2229,11,66924,DL3
2230,11,66935,DL3
2231,15,66950,DL3
2232,13,66963,DL3
2233,16,66979,DL3
2234,21,67000,DL3
2235,32,67032,DL3
2236,19,67051,DL3
2237,18,67069,DL3
2238,15,67084,DL3
2239,23,67107,DL3
2240,19,67126,DL3
2241,17,67143,DL3
2242,23,67166,DL3
2243,14,67180,DL3
2244,7,67187,DL3
2245,9,67196,DL3
2246,10,67206,DL3
2247,11,67217,DL3
2248,13,67230,DL3
2249,35,67265,DL3
2250,16,67281,DL3
2251,39,67320,DL3
2252,27,67347,DL2
2253,67,67414,DL2
2254,21,67435,DL2
2255,8,67443,DL3
2256,22,67465,DL3
2257,25,67490,DL3
2258,41,67531,DL3
2259,113,67644,DL3
2260,31,67675,DL3
2261,13,67688,DL3
2262,27,67715,DL3
2263,16,67731,DL3
2264,40,67771,DL3
2265,22,67793,DL3
2266,13,67806,DL3
2267,34,67840,DL3
2268,28,67868,DL3
2269,55,67923,DL3
2270,9,67932,DL3
2271,11,67943,DL3
2272,11,67954,DL3
2273,17,67971,DL3
2274,31,68002,DL3
2275,11,68013,DL3
2276,9,68022,DL3
2277,12,68034,DL3
2278,11,68045,DL3
2279,17,68062,DL3
2280,20,68082,DL3
2281,16,68098,DL3
2282,23,68121,DL3
2283,85,68206,DL3
2284,13,68219,DL3
2285,78,68297,DL3
2286,38,68335,DL3
2287,18,68353,DL3
2288,34,68387,DL3
2289,20,68407,DL3
2290,63,68470,DL3
2291,94,68564,DL3
2292,26,68590,DL3
2293,19,68609,DL3
2294,45,68654,DL3
2295,15,68669,DL3
2296,22,68691,DL3
2297,23,68714,DL3
2298,15,68729,LIMBO
2299,79,68808,LIMBO
2300,37,68845,LIMBO
2301,35,68880,LIMBO
2302,51,68931,LIMBO
2303,33,68964,LIMBO
2304,31,68995,LIMBO
2305,21,69016,LIMBO
2306,70,69086,LIMBO
2307,103,69189,LIMBO
2308,26,69215,DL1
2309,30,69245,DL1
2310,21,69266,DL1
2311,59,69325,DL2
2312,92,69417,DL2
2313,41,69458,DL3
2314,18,69476,DL3
2315,31,69507,DL3
2316,13,69520,DL3
2317,13,69533,DL3
2318,22,69555,DL3
2319,26,69581,DL3
2320,14,69595,DL3
2321,20,69615,DL3
2322,36,69651,DL3
2323,11,69662,DL3
2324,13,69675,DL3
2325,9,69684,DL3
2326,10,69694,DL3
2327,69,69763,DL3
2328,59,69822,DL3
2329,87,69909,LIMBO
2330,126,70035,LIMBO
2331,55,70090,LIMBO
2332,36,70126,LIMBO
2333,17,70143,LIMBO
2334,14,70157,LIMBO
2335,23,70180,LIMBO
2336,68,70248,LIMBO
2337,55,70303,DL2
2338,103,70406,DL2
2339,26,70432,DL2
2340,10,70442,DL2
2341,14,70456,DL2
2342,23,70479,DL2
2343,74,70553,LIMBO
2344,33,70586,LIMBO
2345,19,70605,LIMBO
2346,33,70638,LIMBO
2347,32,70670,LIMBO
2348,29,70699,LIMBO
2349,24,70723,LIMBO
2350,29,70752,LIMBO
2351,19,70771,LIMBO
2352,30,70801,LIMBO
2353,21,70822,LIMBO
2354,30,70852,LIMBO
2355,34,70886,LIMBO
2356,74,70960,LIMBO
2357,37,70997,DL3
2358,21,71018,DL3
2359,9,71027,DL3
2360,8,71035,DL3
2361,9,71044,DL3
2362,56,71100,DL2
2363,31,71131,DL2
2364,155,71286,DL2
2365,36,71322,DL2
2366,22,71344,LIMBO
2367,28,71372,LIMBO
2368,11,71383,LIMBO
2369,26,71409,LIMBO
2370,24,71433,LIMBO
2371,35,71468,LIMBO
2372,30,71498,DL3
2373,13,71511,DL3
2374,12,71523,DL3
2375,11,71534,DL3
2376,44,71578,DL3
2377,34,71612,LIMBO
2378,40,71652,LIMBO
2379,35,71687,LIMBO
2380,63,71750,LIMBO
2381,59,71809,LIMBO
2382,35,71844,LIMBO
2383,54,71898,LIMBO
2384,36,71934,LIMBO
2385,66,72000,LIMBO
2386,23,72023,LIMBO
2387,24,72047,LIMBO
2388,91,72138,LIMBO
2389,34,72172,LIMBO
2390,90,72262,LIMBO
2391,43,72305,LIMBO
2392,14,72319,DL3
2393,13,72332,DL3
2394,10,72342,DL3
2395,15,72357,DL3
2396,8,72365,DL3
2397,10,72375,DL3
2398,22,72397,DL3
2399,22,72419,DL2
2400,37,72456,DL2
2401,21,72477,DL2
2402,19,72496,DL2
2403,18,72514,DL2
2404,15,72529,DL3
2405,26,72555,DL1
2406,50,72605,LIMBO
2407,21,72626,LIMBO
2408,11,72637,LIMBO
2409,88,72725,LIMBO
2410,14,72739,LIMBO
2411,15,72754,LIMBO
2412,25,72779,LIMBO
2413,21,72800,DL3
2414,6,72806,DL3
2415,31,72837,DL3
2416,16,72853,DL3
2417,24,72877,DL3
2418,16,72893,DL3
2419,15,72908,DL3
2420,54,72962,LIMBO
2421,20,72982,LIMBO
2422,27,73009,LIMBO
2423,11,73020,LIMBO
2424,20,73040,LIMBO
2425,29,73069,LIMBO
2426,15,73084,LIMBO
2427,12,73096,LIMBO
2428,32,73128,LIMBO
2429,30,73158,LIMBO
2430,24,73182,LIMBO
2431,35,73217,LIMBO
2432,161,73378,LIMBO
2433,43,73421,LIMBO
2434,83,73504,LIMBO
2435,61,73565,LIMBO
2436,28,73593,LIMBO
2437,62,73655,LIMBO
2438,25,73680,LIMBO
2439,14,73694,LIMBO
2440,24,73718,LIMBO
2441,43,73761,COBB
2442,17,73778,COBB
2443,23,73801,COBB
2444,26,73827,COBB
2445,36,73863,COBB
2446,13,73876,COBB
2447,16,73892,COBB
2448,25,73917,COBB
2449,26,73943,LIMBO
2450,21,73964,LIMBO
2451,37,74001,COBB
2452,33,74034,COBB
2453,23,74057,COBB
2454,15,74072,COBB
2455,31,74103,COBB
2456,48,74151,COBB
2457,28,74179,COBB
2458,46,74225,COBB
2459,8,74233,COBB
2460,19,74252,COBB
2461,86,74338,COBB
2462,42,74380,LIMBO
2463,22,74402,COBB
2464,22,74424,COBB
2465,50,74474,COBB
2466,10,74484,COBB
2467,16,74500,COBB
2468,54,74554,COBB
2469,25,74579,COBB
2470,21,74600,COBB
2471,10,74610,COBB
2472,12,74622,COBB
2473,26,74648,COBB
2474,17,74665,COBB
2475,44,74709,COBB
2476,48,74757,COBB
2477,25,74782,COBB
2478,25,74807,COBB
2479,26,74833,LIMBO
2480,34,74867,COBB
2481,23,74890,LIMBO
2482,25,74915,COBB
2483,9,74924,COBB
2484,18,74942,LIMBO
2485,10,74952,COBB
2486,20,74972,COBB
2487,23,74995,LIMBO
2488,15,75010,LIMBO
2489,16,75026,LIMBO
2490,22,75048,LIMBO
2491,55,75103,LIMBO
2492,26,75129,LIMBO
2493,41,75170,DL1
2494,14,75184,DL3
2495,29,75213,DL3
2496,17,75230,DL3
2497,26,75256,DL3
2498,10,75266,DL3
2499,5,75271,DL3
2500,27,75298,DL3
2501,21,75319,DL3
2502,17,75336,DL3
2503,10,75346,DL3
2504,12,75358,DL3
2505,22,75380,DL3
2506,15,75395,DL3
2507,48,75443,DL3
2508,9,75452,DL3
2509,4,75456,DL3
2510,8,75464,DL3
2511,7,75471,DL3
2512,78,75549,DL3
2513,17,75566,DL3
2514,17,75583,DL3
2515,14,75597,DL3
2516,44,75641,DL3
2517,12,75653,DL3
2518,16,75669,DL3
2519,26,75695,DL1
2520,21,75716,DL2
2521,18,75734,DL2
2522,16,75750,DL2
2523,30,75780,DL2
2524,77,75857,DL3
2525,48,75905,DL3
2526,14,75919,LIMBO
2527,9,75928,LIMBO
2528,19,75947,LIMBO
2529,20,75967,LIMBO
2530,15,75982,LIMBO
2531,31,76013,LIMBO
2532,13,76026,LIMBO
2533,19,76045,LIMBO
2534,45,76090,LIMBO
2535,22,76112,LIMBO
2536,10,76122,LIMBO
2537,17,76139,LIMBO
2538,16,76155,LIMBO
2539,16,76171,LIMBO
2540,10,76181,LIMBO
2541,30,76211,DL1
2542,25,76236,DL1
2543,34,76270,DL2
2544,10,76280,DL3
2545,8,76288,DL3
2546,25,76313,LIMBO
2547,24,76337,LIMBO
2548,19,76356,LIMBO
2549,20,76376,LIMBO
2550,36,76412,LIMBO
2551,18,76430,LIMBO
2552,16,76446,LIMBO
2553,19,76465,LIMBO
2554,51,76516,LIMBO
2555,36,76552,LIMBO
2556,99,76651,LIMBO
2557,22,76673,LIMBO
2558,27,76700,LIMBO
2559,21,76721,LIMBO
2560,46,76767,LIMBO
2561,26,76793,LIMBO
2562,10,76803,LIMBO
2563,62,76865,LIMBO
2564,6,76871,LIMBO
2565,5,76876,LIMBO
2566,6,76882,LIMBO
2567,11,76893,LIMBO
2568,13,76906,LIMBO
2569,11,76917,LIMBO
2570,17,76934,LIMBO
2571,9,76943,LIMBO
2572,14,76957,LIMBO
2573,10,76967,LIMBO
2574,15,76982,DL3
2575,41,77023,LIMBO
2576,7,77030,LIMBO
2577,42,77072,DL3
2578,44,77116,DL1
2579,21,77137,DL2
2580,21,77158,DL2
2581,23,77181,DL2
2582,10,77191,DL2
2583,9,77200,DL2
2584,31,77231,DL2
2585,41,77272,DL3
2586,36,77308,DL3
2587,34,77342,DL3
2588,109,77451,DL3
2589,32,77483,DL3
2590,24,77507,DL3
2591,23,77530,DL3
2592,52,77582,DL3
2593,137,77719,DL3
2594,100,77819,DL3
2595,33,77852,DL3
2596,49,77901,DL2
2597,41,77942,DL2
2598,17,77959,DL3
2599,18,77977,DL3
2600,13,77990,DL3
2601,22,78012,DL3
2602,20,78032,DL3
2603,23,78055,DL3
2604,36,78091,DL3
2605,46,78137,DL3
2606,24,78161,DL3
2607,13,78174,DL3
2608,19,78193,DL2
2609,17,78210,DL1
2610,14,78224,DL3
2611,55,78279,DL3
2612,76,78355,DL3
2613,40,78395,DL3
2614,50,78445,DL3
2615,57,78502,DL3
2616,18,78520,DL3
2617,26,78546,DL3
2618,5,78551,DL3
2619,18,78569,DL3
2620,21,78590,DL3
2621,12,78602,DL2
2622,24,78626,DL2
2623,44,78670,DL2
2624,24,78694,DL2
2625,28,78722,DL1
2626,13,78735,DL3
2627,23,78758,DL3
2628,12,78770,DL3
2629,15,78785,DL3
2630,17,78802,DL3
2631,12,78814,LIMBO
2632,38,78852,LIMBO
2633,15,78867,LIMBO
2634,9,78876,LIMBO
2635,17,78893,LIMBO
2636,12,78905,LIMBO
2637,15,78920,DL3
2638,13,78933,DL3
2639,10,78943,DL3
2640,10,78953,DL2
2641,16,78969,DL2
2642,8,78977,DL3
2643,9,78986,DL2
2644,13,78999,DL3
2645,15,79014,DL3
2646,18,79032,DL3
2647,36,79068,LIMBO
2648,12,79080,LIMBO
2649,12,79092,LIMBO
2650,14,79106,LIMBO
2651,18,79124,LIMBO
2652,13,79137,DL3
2653,12,79149,DL3
2654,29,79178,DL3
2655,18,79196,DL3
2656,30,79226,DL2
2657,26,79252,DL2
2658,20,79272,DL2
2659,13,79285,DL2
2660,19,79304,DL1
2661,20,79324,DL1
2662,9,79333,DL1
2663,48,79381,DL1
2664,48,79429,DL1
2665,17,79446,LIMBO
2666,34,79480,LIMBO
2667,38,79518,LIMBO
2668,11,79529,LIMBO
2669,32,79561,LIMBO
2670,43,79604,LIMBO
2671,27,79631,COBB
2672,26,79657,COBB
2673,24,79681,COBB
2674,51,79732,LIMBO
2675,38,79770,LIMBO
2676,36,79806,LIMBO
2677,62,79868,LIMBO
2678,112,79980,LIMBO
2679,47,80027,LIMBO
2680,27,80054,LIMBO
2681,43,80097,LIMBO
2682,31,80128,DL1
2683,26,80154,DL1
2684,98,80252,DL1
2685,30,80282,DL1
2686,38,80320,DL1
2687,43,80363,DL1
2688,36,80399,DL1
2689,157,80556,DL1
2690,26,80582,DL1
2691,31,80613,DL1
2692,19,80632,DL1
2693,191,80823,DL1
2694,58,80881,DL1
2695,15,80896,DL1
2696,32,80928,DL1
2697,24,80952,DL1
2698,23,80975,DL1
2699,22,80997,DL1
2700,30,81027,LIMBO
2701,67,81094,LIMBO
2702,21,81115,LIMBO
2703,44,81159,LIMBO
2704,42,81201,LIMBO
2705,42,81243,LIMBO
2706,27,81270,LIMBO
2707,170,81440,LIMBO
2708,56,81496,LIMBO
2709,59,81555,LIMBO
2710,178,81733,LIMBO
2711,39,81772,LIMBO
2712,33,81805,LIMBO
2713,60,81865,LIMBO
2714,40,81905,LIMBO
2715,27,81932,LIMBO
2716,92,82024,LIMBO
2717,41,82065,LIMBO
2718,22,82087,LIMBO
2719,52,82139,LIMBO
2720,54,82193,REAL
2721,156,82349,REAL
2722,149,82498,REAL
2723,129,82627,REAL
2724,42,82669,REAL
2725,24,82693,REAL
2726,32,82725,REAL
2727,80,82805,REAL
2728,52,82857,REAL
2729,78,82935,REAL
2730,55,82990,REAL
2731,15,83005,REAL
2732,45,83050,REAL
2733,19,83069,REAL
2734,32,83101,REAL
2735,11,83112,REAL
2736,20,83132,REAL
2737,22,83154,REAL
2738,34,83188,REAL
2739,115,83303,REAL
2740,22,83325,REAL
2741,26,83351,REAL
2742,24,83375,REAL
2743,95,83470,REAL
2744,14,83484,REAL
2745,39,83523,REAL
2746,92,83615,REAL
2747,61,83676,REAL
2748,56,83732,REAL
2749,112,83844,REAL
2750,36,83880,REAL
2751,23,83903,REAL
2752,29,83932,REAL
2753,40,83972,REAL
2754,25,83997,REAL
2755,45,84042,REAL
2756,17,84059,REAL
2757,240,84299,REAL