num;length;end;level;newend;withpadding;sec
1;90;90;LIMBO;495;505;50,5
2;27;117;LIMBO;522;532;53,2
3;66;183;LIMBO;588;598;59,8
4;22;205;LIMBO;610;620;62
5;40;245;LIMBO;650;660;66
6;34;279;LIMBO;684;694;69,4
7;35;314;LIMBO;719;729;72,9
8;21;335;LIMBO;740;750;75
9;48;383;LIMBO;788;798;79,8
10;19;402;LIMBO;807;817;81,7
11;25;427;LIMBO;832;842;84,2
12;24;451;LIMBO;856;866;86,6
13;15;466;LIMBO;871;881;88,1
14;56;522;LIMBO;927;937;93,7
15;110;632;LIMBO;1037;1047;104,7
16;43;675;LIMBO;1080;1090;109
17;31;706;LIMBO;1111;1121;112,1
18;56;762;LIMBO;1167;1177;117,7
19;51;813;LIMBO;1218;1228;122,8
20;73;886;LIMBO;1291;1301;130,1
21;45;931;LIMBO;1336;1346;134,6
22;32;963;LIMBO;1368;1378;137,8
23;66;1029;LIMBO;1434;1444;144,4
24;91;1120;LIMBO;1525;1535;153,5
25;37;1157;LIMBO;1562;1572;157,2
26;70;1227;LIMBO;1632;1642;164,2
27;56;1283;LIMBO;1688;1698;169,8
28;16;1299;DL2;1704;1714;171,4
29;51;1350;DL2;1755;1765;176,5
30;10;1360;DL2;1765;1775;177,5
31;23;1383;DL2;1788;1798;179,8
32;15;1398;DL2;1803;1813;181,3
33;8;1406;DL2;1811;1821;182,1
34;70;1476;DL2;1881;1891;189,1
35;13;1489;DL2;1894;1904;190,4
36;48;1537;DL2;1942;1952;195,2
37;49;1586;DL2;1991;2001;200,1
38;39;1625;DL2;2030;2040;204
39;64;1689;DL2;2094;2104;210,4
40;14;1703;DL2;2108;2118;211,8
41;125;1828;DL2;2233;2243;224,3
42;48;1876;DL2;2281;2291;229,1
43;36;1912;DL2;2317;2327;232,7
44;55;1967;DL2;2372;2382;238,2
45;28;1995;DL2;2400;2410;241
46;33;2028;DL2;2433;2443;244,3
47;35;2063;DL2;2468;2478;247,8
48;23;2086;DL2;2491;2501;250,1
49;30;2116;DL2;2521;2531;253,1
50;22;2138;DL2;2543;2553;255,3
51;21;2159;DL2;2564;2574;257,4
52;25;2184;DL2;2589;2599;259,9
53;17;2201;DL2;2606;2616;261,6
54;11;2212;DL2;2617;2627;262,7
55;42;2254;DL2;2659;2669;266,9
56;26;2280;DL1;2685;2695;269,5
57;36;2316;DL1;2721;2731;273,1
58;40;2356;DL1;2761;2771;277,1
59;48;2404;DL1;2809;2819;281,9
60;29;2433;DL1;2838;2848;284,8
61;36;2469;DL1;2874;2884;288,4
62;18;2487;DL1;2892;2902;290,2
63;86;2573;DL1;2978;2988;298,8
64;29;2602;DL1;3007;3017;301,7
65;15;2617;DL1;3022;3032;303,2
66;40;2657;DL1;3062;3072;307,2
67;76;2733;DL2;3138;3148;314,8
68;20;2753;DL2;3158;3168;316,8
69;28;2781;DL2;3186;3196;319,6
70;39;2820;DL2;3225;3235;323,5
71;22;2842;DL2;3247;3257;325,7
72;25;2867;DL2;3272;3282;328,2
73;21;2888;DL2;3293;3303;330,3
74;36;2924;DL2;3329;3339;333,9
75;56;2980;DL2;3385;3395;339,5
76;131;3111;DL2;3516;3526;352,6
77;11;3122;DL2;3527;3537;353,7
78;38;3160;DL2;3565;3575;357,5
79;39;3199;DL2;3604;3614;361,4
80;25;3224;DL2;3629;3639;363,9
81;27;3251;DL2;3656;3666;366,6
82;22;3273;DL2;3678;3688;368,8
83;22;3295;DL2;3700;3710;371
84;22;3317;DL2;3722;3732;373,2
85;14;3331;DL2;3736;3746;374,6
86;29;3360;DL2;3765;3775;377,5
87;18;3378;DL2;3783;3793;379,3
88;13;3391;DL2;3796;3806;380,6
89;15;3406;DL2;3811;3821;382,1
90;18;3424;DL2;3829;3839;383,9
91;18;3442;DL2;3847;3857;385,7
92;30;3472;DL2;3877;3887;388,7
93;30;3502;DL2;3907;3917;391,7
94;27;3529;DL2;3934;3944;394,4
95;15;3544;DL2;3949;3959;395,9
96;11;3555;DL2;3960;3970;397
97;8;3563;DL2;3968;3978;397,8
98;10;3573;DL2;3978;3988;398,8
99;13;3586;DL2;3991;4001;400,1
100;11;3597;DL2;4002;4012;401,2
101;16;3613;DL2;4018;4028;402,8
102;23;3636;DL2;4041;4051;405,1
103;23;3659;DL2;4064;4074;407,4
104;28;3687;DL2;4092;4102;410,2
105;16;3703;DL2;4108;4118;411,8
106;9;3712;DL2;4117;4127;412,7
107;10;3722;DL2;4127;4137;413,7
108;55;3777;DL2;4182;4192;419,2
109;29;3806;DL2;4211;4221;422,1
110;16;3822;DL2;4227;4237;423,7
111;18;3840;DL2;4245;4255;425,5
112;14;3854;DL2;4259;4269;426,9
113;52;3906;DL2;4311;4321;432,1
114;29;3935;DL2;4340;4350;435
115;12;3947;DL2;4352;4362;436,2
116;14;3961;DL2;4366;4376;437,6
117;12;3973;DL2;4378;4388;438,8
118;99;4072;DL2;4477;4487;448,7
119;103;4175;DL2;4580;4590;459
120;17;4192;DL2;4597;4607;460,7
121;31;4223;DL2;4628;4638;463,8
122;23;4246;DL2;4651;4661;466,1
123;106;4352;DL2;4757;4767;476,7
124;24;4376;DL2;4781;4791;479,1
125;18;4394;DL2;4799;4809;480,9
126;22;4416;DL2;4821;4831;483,1
127;45;4461;DL2;4866;4876;487,6
128;13;4474;DL2;4879;4889;488,9
129;26;4500;DL2;4905;4915;491,5
130;23;4523;DL2;4928;4938;493,8
131;16;4539;DL2;4944;4954;495,4
132;35;4574;DL2;4979;4989;498,9
133;42;4616;DL2;5021;5031;503,1
134;28;4644;DL2;5049;5059;505,9
135;38;4682;DL2;5087;5097;509,7
136;54;4736;DL2;5141;5151;515,1
137;20;4756;DL2;5161;5171;517,1
138;20;4776;DL2;5181;5191;519,1
139;25;4801;DL2;5206;5216;521,6
140;15;4816;DL2;5221;5231;523,1
141;44;4860;DL2;5265;5275;527,5
142;77;4937;DL2;5342;5352;535,2
143;16;4953;DL2;5358;5368;536,8
144;11;4964;DL2;5369;5379;537,9
145;11;4975;DL2;5380;5390;539
146;38;5013;DL2;5418;5428;542,8
147;19;5032;DL2;5437;5447;544,7
148;24;5056;DL2;5461;5471;547,1
149;8;5064;DL2;5469;5479;547,9
150;9;5073;DL2;5478;5488;548,8
151;8;5081;DL2;5486;5496;549,6
152;8;5089;DL2;5494;5504;550,4
153;9;5098;DL1;5503;5513;551,3
154;7;5105;DL2;5510;5520;552
155;8;5113;DL2;5518;5528;552,8
156;21;5134;DL2;5539;5549;554,9
157;13;5147;DL1;5552;5562;556,2
158;10;5157;DL1;5562;5572;557,2
159;16;5173;DL1;5578;5588;558,8
160;53;5226;DL1;5631;5641;564,1
161;9;5235;DL2;5640;5650;565
162;13;5248;DL2;5653;5663;566,3
163;15;5263;DL2;5668;5678;567,8
164;6;5269;DL2;5674;5684;568,4
165;10;5279;DL2;5684;5694;569,4
166;13;5292;DL2;5697;5707;570,7
167;32;5324;DL2;5729;5739;573,9
168;18;5342;DL2;5747;5757;575,7
169;70;5412;DL2;5817;5827;582,7
170;15;5427;DL2;5832;5842;584,2
171;8;5435;DL2;5840;5850;585
172;11;5446;DL2;5851;5861;586,1
173;11;5457;DL2;5862;5872;587,2
174;27;5484;DL2;5889;5899;589,9
175;10;5494;DL2;5899;5909;590,9
176;42;5536;DL2;5941;5951;595,1
177;25;5561;DL2;5966;5976;597,6
178;13;5574;DL2;5979;5989;598,9
179;15;5589;DL2;5994;6004;600,4
180;10;5599;DL2;6004;6014;601,4
181;22;5621;DL2;6026;6036;603,6
182;10;5631;DL2;6036;6046;604,6
183;8;5639;DL2;6044;6054;605,4
184;13;5652;DL2;6057;6067;606,7
185;33;5685;DL2;6090;6100;610
186;11;5696;DL2;6101;6111;611,1
187;10;5706;DL2;6111;6121;612,1
188;13;5719;DL2;6124;6134;613,4
189;10;5729;DL2;6134;6144;614,4
190;9;5738;DL2;6143;6153;615,3
191;10;5748;DL2;6153;6163;616,3
192;18;5766;DL2;6171;6181;618,1
193;11;5777;DL1;6182;6192;619,2
194;22;5799;DL1;6204;6214;621,4
195;15;5814;DL1;6219;6229;622,9
196;24;5838;DL1;6243;6253;625,3
197;29;5867;DL1;6272;6282;628,2
198;10;5877;DL1;6282;6292;629,2
199;13;5890;DL2;6295;6305;630,5
200;26;5916;DL2;6321;6331;633,1
201;16;5932;DL2;6337;6347;634,7
202;9;5941;DL2;6346;6356;635,6
203;16;5957;DL2;6362;6372;637,2
204;13;5970;DL1;6375;6385;638,5
205;13;5983;DL2;6388;6398;639,8
206;18;6001;DL2;6406;6416;641,6
207;16;6017;DL2;6422;6432;643,2
208;6;6023;DL2;6428;6438;643,8
209;10;6033;DL1;6438;6448;644,8
210;21;6054;DL1;6459;6469;646,9
211;9;6063;DL1;6468;6478;647,8
212;33;6096;DL2;6501;6511;651,1
213;12;6108;DL2;6513;6523;652,3
214;9;6117;DL2;6522;6532;653,2
215;12;6129;DL1;6534;6544;654,4
216;20;6149;DL1;6554;6564;656,4
217;18;6167;DL1;6572;6582;658,2
218;10;6177;DL1;6582;6592;659,2
219;41;6218;DL1;6623;6633;663,3
220;17;6235;DL2;6640;6650;665
221;17;6252;DL2;6657;6667;666,7
222;30;6282;DL1;6687;6697;669,7
223;26;6308;DL2;6713;6723;672,3
224;9;6317;DL2;6722;6732;673,2
225;13;6330;DL2;6735;6745;674,5
226;48;6378;DL1;6783;6793;679,3
227;18;6396;DL2;6801;6811;681,1
228;28;6424;DL2;6829;6839;683,9
229;60;6484;DL1;6889;6899;689,9
230;19;6503;DL1;6908;6918;691,8
231;33;6536;DL1;6941;6951;695,1
232;14;6550;DL1;6955;6965;696,5
233;69;6619;DL1;7024;7034;703,4
234;16;6635;LIMBO;7040;7050;705
235;20;6655;DL1;7060;7070;707
236;33;6688;DL1;7093;7103;710,3
237;32;6720;DL1;7125;7135;713,5
238;64;6784;DL1;7189;7199;719,9
239;16;6800;DL1;7205;7215;721,5
240;12;6812;DL1;7217;7227;722,7
241;17;6829;DL1;7234;7244;724,4
242;15;6844;DL1;7249;7259;725,9
243;30;6874;DL1;7279;7289;728,9
244;28;6902;DL1;7307;7317;731,7
245;33;6935;DL1;7340;7350;735
246;20;6955;DL1;7360;7370;737
247;12;6967;DL1;7372;7382;738,2
248;20;6987;DL1;7392;7402;740,2
249;20;7007;DL1;7412;7422;742,2
250;29;7036;DL1;7441;7451;745,1
251;15;7051;DL1;7456;7466;746,6
252;12;7063;DL1;7468;7478;747,8
253;22;7085;DL1;7490;7500;750
254;26;7111;DL1;7516;7526;752,6
255;11;7122;DL1;7527;7537;753,7
256;16;7138;REAL;7543;7553;755,3
257;20;7158;REAL;7563;7573;757,3
258;20;7178;REAL;7583;7593;759,3
259;23;7201;REAL;7606;7616;761,6
260;22;7223;REAL;7628;7638;763,8
261;17;7240;REAL;7645;7655;765,5
262;37;7277;REAL;7682;7692;769,2
263;14;7291;REAL;7696;7706;770,6
264;11;7302;REAL;7707;7717;771,7
265;29;7331;REAL;7736;7746;774,6
266;20;7351;REAL;7756;7766;776,6
267;16;7367;REAL;7772;7782;778,2
268;52;7419;REAL;7824;7834;783,4
269;23;7442;DL1;7847;7857;785,7
270;28;7470;DL1;7875;7885;788,5
271;29;7499;DL1;7904;7914;791,4
272;21;7520;DL1;7925;7935;793,5
273;13;7533;DL1;7938;7948;794,8
274;38;7571;DL1;7976;7986;798,6
275;14;7585;DL1;7990;8000;800
276;12;7597;DL1;8002;8012;801,2
277;12;7609;DL1;8014;8024;802,4
278;25;7634;DL1;8039;8049;804,9
279;13;7647;DL1;8052;8062;806,2
280;21;7668;DL1;8073;8083;808,3
281;19;7687;DL1;8092;8102;810,2
282;33;7720;DL1;8125;8135;813,5
283;28;7748;DL1;8153;8163;816,3
284;26;7774;DL1;8179;8189;818,9
285;20;7794;DL1;8199;8209;820,9
286;98;7892;DL1;8297;8307;830,7
287;25;7917;DL1;8322;8332;833,2
288;12;7929;DL1;8334;8344;834,4
289;61;7990;DL1;8395;8405;840,5
290;23;8013;DL1;8418;8428;842,8
291;18;8031;DL1;8436;8446;844,6
292;24;8055;DL1;8460;8470;847
293;23;8078;REAL;8483;8493;849,3
294;21;8099;REAL;8504;8514;851,4
295;21;8120;DL1;8525;8535;853,5
296;21;8141;REAL;8546;8556;855,6
297;44;8185;REAL;8590;8600;860
298;25;8210;DL1;8615;8625;862,5
299;26;8236;DL1;8641;8651;865,1
300;12;8248;DL1;8653;8663;866,3
301;62;8310;DL1;8715;8725;872,5
302;14;8324;DL1;8729;8739;873,9
303;42;8366;DL1;8771;8781;878,1
304;22;8388;REAL;8793;8803;880,3
305;25;8413;DL1;8818;8828;882,8
306;11;8424;DL1;8829;8839;883,9
307;12;8436;REAL;8841;8851;885,1
308;14;8450;REAL;8855;8865;886,5
309;12;8462;REAL;8867;8877;887,7
310;11;8473;REAL;8878;8888;888,8
311;14;8487;REAL;8892;8902;890,2
312;18;8505;REAL;8910;8920;892
313;17;8522;REAL;8927;8937;893,7
314;26;8548;REAL;8953;8963;896,3
315;17;8565;REAL;8970;8980;898
316;16;8581;REAL;8986;8996;899,6
317;13;8594;REAL;8999;9009;900,9
318;11;8605;REAL;9010;9020;902
319;74;8679;REAL;9084;9094;909,4
320;11;8690;REAL;9095;9105;910,5
321;33;8723;REAL;9128;9138;913,8
322;9;8732;REAL;9137;9147;914,7
323;9;8741;REAL;9146;9156;915,6
324;74;8815;REAL;9220;9230;923
325;58;8873;REAL;9278;9288;928,8
326;21;8894;REAL;9299;9309;930,9
327;27;8921;REAL;9326;9336;933,6
328;17;8938;REAL;9343;9353;935,3
329;51;8989;REAL;9394;9404;940,4
330;82;9071;REAL;9476;9486;948,6
331;147;9218;REAL;9623;9633;963,3
332;39;9257;REAL;9662;9672;967,2
333;33;9290;REAL;9695;9705;970,5
334;33;9323;REAL;9728;9738;973,8
335;144;9467;REAL;9872;9882;988,2
336;18;9485;COBB;9890;9900;990
337;106;9591;REAL;9996;10006;1000,6
338;19;9610;COBB;10015;10025;1002,5
339;187;9797;REAL;10202;10212;1021,2
340;26;9823;COBB;10228;10238;1023,8
341;152;9975;REAL;10380;10390;1039
342;19;9994;COBB;10399;10409;1040,9
343;215;10209;REAL;10614;10624;1062,4
344;47;10256;REAL;10661;10671;1067,1
345;26;10282;REAL;10687;10697;1069,7
346;85;10367;REAL;10772;10782;1078,2
347;12;10379;REAL;10784;10794;1079,4
348;37;10416;REAL;10821;10831;1083,1
349;8;10424;REAL;10829;10839;1083,9
350;36;10460;REAL;10865;10875;1087,5
351;18;10478;REAL;10883;10893;1089,3
352;29;10507;REAL;10912;10922;1092,2
353;16;10523;REAL;10928;10938;1093,8
354;58;10581;REAL;10986;10996;1099,6
355;27;10608;REAL;11013;11023;1102,3
356;101;10709;REAL;11114;11124;1112,4
357;21;10730;REAL;11135;11145;1114,5
358;8;10738;REAL;11143;11153;1115,3
359;44;10782;REAL;11187;11197;1119,7
360;13;10795;REAL;11200;11210;1121
361;12;10807;REAL;11212;11222;1122,2
362;20;10827;REAL;11232;11242;1124,2
363;19;10846;REAL;11251;11261;1126,1
364;19;10865;REAL;11270;11280;1128
365;31;10896;REAL;11301;11311;1131,1
366;61;10957;REAL;11362;11372;1137,2
367;19;10976;REAL;11381;11391;1139,1
368;14;10990;REAL;11395;11405;1140,5
369;43;11033;REAL;11438;11448;1144,8
370;13;11046;REAL;11451;11461;1146,1
371;32;11078;REAL;11483;11493;1149,3
372;15;11093;REAL;11498;11508;1150,8
373;8;11101;REAL;11506;11516;1151,6
374;131;11232;REAL;11637;11647;1164,7
375;18;11250;REAL;11655;11665;1166,5
376;17;11267;REAL;11672;11682;1168,2
377;11;11278;REAL;11683;11693;1169,3
378;15;11293;REAL;11698;11708;1170,8
379;9;11302;REAL;11707;11717;1171,7
380;13;11315;REAL;11720;11730;1173
381;43;11358;REAL;11763;11773;1177,3
382;47;11405;REAL;11810;11820;1182
383;16;11421;REAL;11826;11836;1183,6
384;27;11448;REAL;11853;11863;1186,3
385;15;11463;REAL;11868;11878;1187,8
386;15;11478;REAL;11883;11893;1189,3
387;34;11512;REAL;11917;11927;1192,7
388;9;11521;REAL;11926;11936;1193,6
389;32;11553;REAL;11958;11968;1196,8
390;51;11604;REAL;12009;12019;1201,9
391;22;11626;REAL;12031;12041;1204,1
392;19;11645;REAL;12050;12060;1206
393;48;11693;REAL;12098;12108;1210,8
394;18;11711;REAL;12116;12126;1212,6
395;13;11724;REAL;12129;12139;1213,9
396;51;11775;REAL;12180;12190;1219
397;11;11786;REAL;12191;12201;1220,1
398;85;11871;REAL;12276;12286;1228,6
399;35;11906;REAL;12311;12321;1232,1
400;17;11923;REAL;12328;12338;1233,8
401;70;11993;REAL;12398;12408;1240,8
402;15;12008;REAL;12413;12423;1242,3
403;36;12044;REAL;12449;12459;1245,9
404;123;12167;REAL;12572;12582;1258,2
405;125;12292;REAL;12697;12707;1270,7
406;132;12424;REAL;12829;12839;1283,9
407;54;12478;REAL;12883;12893;1289,3
408;47;12525;REAL;12930;12940;1294
409;19;12544;REAL;12949;12959;1295,9
410;43;12587;REAL;12992;13002;1300,2
411;39;12626;REAL;13031;13041;1304,1
412;132;12758;REAL;13163;13173;1317,3
413;20;12778;REAL;13183;13193;1319,3
414;26;12804;REAL;13209;13219;1321,9
415;16;12820;REAL;13225;13235;1323,5
416;64;12884;REAL;13289;13299;1329,9
417;53;12937;REAL;13342;13352;1335,2
418;43;12980;REAL;13385;13395;1339,5
419;34;13014;REAL;13419;13429;1342,9
420;21;13035;REAL;13440;13450;1345
421;37;13072;REAL;13477;13487;1348,7
422;14;13086;REAL;13491;13501;1350,1
423;54;13140;REAL;13545;13555;1355,5
424;44;13184;REAL;13589;13599;1359,9
425;38;13222;REAL;13627;13637;1363,7
426;23;13245;REAL;13650;13660;1366
427;82;13327;REAL;13732;13742;1374,2
428;26;13353;REAL;13758;13768;1376,8
429;28;13381;REAL;13786;13796;1379,6
430;31;13412;REAL;13817;13827;1382,7
431;70;13482;REAL;13887;13897;1389,7
432;64;13546;REAL;13951;13961;1396,1
433;48;13594;REAL;13999;14009;1400,9
434;23;13617;REAL;14022;14032;1403,2
435;50;13667;REAL;14072;14082;1408,2
436;16;13683;REAL;14088;14098;1409,8
437;13;13696;REAL;14101;14111;1411,1
438;40;13736;REAL;14141;14151;1415,1
439;20;13756;REAL;14161;14171;1417,1
440;28;13784;REAL;14189;14199;1419,9
441;83;13867;REAL;14272;14282;1428,2
442;72;13939;REAL;14344;14354;1435,4
443;44;13983;REAL;14388;14398;1439,8
444;24;14007;REAL;14412;14422;1442,2
445;42;14049;REAL;14454;14464;1446,4
446;123;14172;REAL;14577;14587;1458,7
447;31;14203;REAL;14608;14618;1461,8
448;41;14244;REAL;14649;14659;1465,9
449;33;14277;REAL;14682;14692;1469,2
450;42;14319;REAL;14724;14734;1473,4
451;60;14379;REAL;14784;14794;1479,4
452;74;14453;REAL;14858;14868;1486,8
453;127;14580;REAL;14985;14995;1499,5
454;18;14598;REAL;15003;15013;1501,3
455;14;14612;REAL;15017;15027;1502,7
456;28;14640;REAL;15045;15055;1505,5
457;23;14663;REAL;15068;15078;1507,8
458;15;14678;REAL;15083;15093;1509,3
459;23;14701;REAL;15106;15116;1511,6
460;20;14721;REAL;15126;15136;1513,6
461;11;14732;REAL;15137;15147;1514,7
462;48;14780;REAL;15185;15195;1519,5
463;25;14805;REAL;15210;15220;1522
464;28;14833;REAL;15238;15248;1524,8
465;26;14859;REAL;15264;15274;1527,4
466;17;14876;REAL;15281;15291;1529,1
467;19;14895;REAL;15300;15310;1531
468;24;14919;REAL;15324;15334;1533,4
469;8;14927;REAL;15332;15342;1534,2
470;10;14937;REAL;15342;15352;1535,2
471;22;14959;REAL;15364;15374;1537,4
472;11;14970;REAL;15375;15385;1538,5
473;12;14982;REAL;15387;15397;1539,7
474;12;14994;REAL;15399;15409;1540,9
475;15;15009;REAL;15414;15424;1542,4
476;14;15023;REAL;15428;15438;1543,8
477;17;15040;REAL;15445;15455;1545,5
478;16;15056;REAL;15461;15471;1547,1
479;20;15076;REAL;15481;15491;1549,1
480;86;15162;REAL;15567;15577;1557,7
481;80;15242;REAL;15647;15657;1565,7
482;26;15268;REAL;15673;15683;1568,3
483;17;15285;REAL;15690;15700;1570
484;13;15298;REAL;15703;15713;1571,3
485;19;15317;REAL;15722;15732;1573,2
486;23;15340;DL1;15745;15755;1575,5
487;38;15378;DL1;15783;15793;1579,3
488;34;15412;DL1;15817;15827;1582,7
489;61;15473;DL1;15878;15888;1588,8
490;91;15564;DL1;15969;15979;1597,9
491;23;15587;DL1;15992;16002;1600,2
492;44;15631;DL1;16036;16046;1604,6
493;14;15645;DL1;16050;16060;1606
494;11;15656;DL1;16061;16071;1607,1
495;32;15688;DL1;16093;16103;1610,3
496;47;15735;DL1;16140;16150;1615
497;35;15770;DL1;16175;16185;1618,5
498;53;15823;DL1;16228;16238;1623,8
499;70;15893;DL1;16298;16308;1630,8
500;46;15939;DL1;16344;16354;1635,4
501;19;15958;DL1;16363;16373;1637,3
502;37;15995;DL1;16400;16410;1641
503;23;16018;DL1;16423;16433;1643,3
504;32;16050;DL1;16455;16465;1646,5
505;30;16080;DL1;16485;16495;1649,5
506;18;16098;DL1;16503;16513;1651,3
507;19;16117;DL1;16522;16532;1653,2
508;32;16149;DL1;16554;16564;1656,4
509;27;16176;DL1;16581;16591;1659,1
510;45;16221;DL1;16626;16636;1663,6
511;22;16243;DL1;16648;16658;1665,8
512;10;16253;DL1;16658;16668;1666,8
513;13;16266;DL1;16671;16681;1668,1
514;16;16282;DL1;16687;16697;1669,7
515;8;16290;DL1;16695;16705;1670,5
516;40;16330;DL1;16735;16745;1674,5
517;29;16359;DL1;16764;16774;1677,4
518;12;16371;DL1;16776;16786;1678,6
519;50;16421;DL1;16826;16836;1683,6
520;16;16437;DL1;16842;16852;1685,2
521;17;16454;DL1;16859;16869;1686,9
522;10;16464;DL1;16869;16879;1687,9
523;12;16476;DL1;16881;16891;1689,1
524;36;16512;DL1;16917;16927;1692,7
525;22;16534;DL1;16939;16949;1694,9
526;21;16555;DL1;16960;16970;1697
527;23;16578;DL1;16983;16993;1699,3
528;21;16599;DL1;17004;17014;1701,4
529;36;16635;REAL;17040;17050;1705
530;22;16657;REAL;17062;17072;1707,2
531;24;16681;REAL;17086;17096;1709,6
532;149;16830;REAL;17235;17245;1724,5
533;50;16880;REAL;17285;17295;1729,5
534;61;16941;REAL;17346;17356;1735,6
535;20;16961;REAL;17366;17376;1737,6
536;22;16983;REAL;17388;17398;1739,8
537;25;17008;REAL;17413;17423;1742,3
538;9;17017;REAL;17422;17432;1743,2
539;9;17026;REAL;17431;17441;1744,1
540;36;17062;REAL;17467;17477;1747,7
541;64;17126;DL1;17531;17541;1754,1
542;40;17166;DL1;17571;17581;1758,1
543;238;17404;DL1;17809;17819;1781,9
544;47;17451;DL1;17856;17866;1786,6
545;22;17473;DL1;17878;17888;1788,8
546;55;17528;DL1;17933;17943;1794,3
547;53;17581;DL1;17986;17996;1799,6
548;37;17618;DL1;18023;18033;1803,3
549;42;17660;DL1;18065;18075;1807,5
550;33;17693;DL1;18098;18108;1810,8
551;119;17812;DL1;18217;18227;1822,7
552;30;17842;DL1;18247;18257;1825,7
553;74;17916;DL1;18321;18331;1833,1
554;28;17944;DL1;18349;18359;1835,9
555;23;17967;DL1;18372;18382;1838,2
556;25;17992;DL1;18397;18407;1840,7
557;27;18019;DL1;18424;18434;1843,4
558;25;18044;DL1;18449;18459;1845,9
559;22;18066;DL1;18471;18481;1848,1
560;40;18106;DL1;18511;18521;1852,1
561;75;18181;DL1;18586;18596;1859,6
562;41;18222;DL1;18627;18637;1863,7
563;37;18259;DL1;18664;18674;1867,4
564;36;18295;DL1;18700;18710;1871
565;124;18419;DL1;18824;18834;1883,4
566;55;18474;DL1;18879;18889;1888,9
567;18;18492;DL1;18897;18907;1890,7
568;35;18527;DL1;18932;18942;1894,2
569;65;18592;DL1;18997;19007;1900,7
570;21;18613;DL1;19018;19028;1902,8
571;96;18709;DL1;19114;19124;1912,4
572;67;18776;DL1;19181;19191;1919,1
573;178;18954;DL1;19359;19369;1936,9
574;43;18997;DL1;19402;19412;1941,2
575;40;19037;DL1;19442;19452;1945,2
576;39;19076;DL1;19481;19491;1949,1
577;17;19093;DL1;19498;19508;1950,8
578;33;19126;DL1;19531;19541;1954,1
579;18;19144;DL1;19549;19559;1955,9
580;33;19177;DL1;19582;19592;1959,2
581;22;19199;COBB;19604;19614;1961,4
582;15;19214;DL1;19619;19629;1962,9
583;20;19234;COBB;19639;19649;1964,9
584;62;19296;DL1;19701;19711;1971,1
585;25;19321;DL1;19726;19736;1973,6
586;37;19358;DL1;19763;19773;1977,3
587;20;19378;DL1;19783;19793;1979,3
588;43;19421;DL1;19826;19836;1983,6
589;91;19512;DL1;19917;19927;1992,7
590;34;19546;DL1;19951;19961;1996,1
591;37;19583;DL1;19988;19998;1999,8
592;21;19604;DL1;20009;20019;2001,9
593;9;19613;DL1;20018;20028;2002,8
594;9;19622;DL1;20027;20037;2003,7
595;16;19638;DL1;20043;20053;2005,3
596;12;19650;DL1;20055;20065;2006,5
597;8;19658;DL1;20063;20073;2007,3
598;8;19666;DL1;20071;20081;2008,1
599;9;19675;DL1;20080;20090;2009
600;136;19811;REAL;20216;20226;2022,6
601;11;19822;REAL;20227;20237;2023,7
602;34;19856;REAL;20261;20271;2027,1
603;16;19872;REAL;20277;20287;2028,7
604;97;19969;REAL;20374;20384;2038,4
605;25;19994;REAL;20399;20409;2040,9
606;21;20015;REAL;20420;20430;2043
607;17;20032;REAL;20437;20447;2044,7
608;15;20047;REAL;20452;20462;2046,2
609;15;20062;REAL;20467;20477;2047,7
610;31;20093;REAL;20498;20508;2050,8
611;17;20110;REAL;20515;20525;2052,5
612;7;20117;REAL;20522;20532;2053,2
613;35;20152;REAL;20557;20567;2056,7
614;27;20179;REAL;20584;20594;2059,4
615;40;20219;REAL;20624;20634;2063,4
616;42;20261;REAL;20666;20676;2067,6
617;15;20276;REAL;20681;20691;2069,1
618;63;20339;REAL;20744;20754;2075,4
619;48;20387;REAL;20792;20802;2080,2
620;24;20411;REAL;20816;20826;2082,6
621;24;20435;REAL;20840;20850;2085
622;17;20452;REAL;20857;20867;2086,7
623;63;20515;REAL;20920;20930;2093
624;19;20534;REAL;20939;20949;2094,9
625;38;20572;REAL;20977;20987;2098,7
626;19;20591;REAL;20996;21006;2100,6
627;16;20607;REAL;21012;21022;2102,2
628;40;20647;REAL;21052;21062;2106,2
629;38;20685;REAL;21090;21100;2110
630;64;20749;REAL;21154;21164;2116,4
631;13;20762;REAL;21167;21177;2117,7
632;16;20778;REAL;21183;21193;2119,3
633;11;20789;REAL;21194;21204;2120,4
634;18;20807;REAL;21212;21222;2122,2
635;9;20816;REAL;21221;21231;2123,1
636;26;20842;REAL;21247;21257;2125,7
637;144;20986;REAL;21391;21401;2140,1
638;119;21105;REAL;21510;21520;2152
639;21;21126;REAL;21531;21541;2154,1
640;27;21153;REAL;21558;21568;2156,8
641;15;21168;REAL;21573;21583;2158,3
642;25;21193;REAL;21598;21608;2160,8
643;34;21227;REAL;21632;21642;2164,2
644;38;21265;REAL;21670;21680;2168
645;33;21298;REAL;21703;21713;2171,3
646;18;21316;REAL;21721;21731;2173,1
647;62;21378;REAL;21783;21793;2179,3
648;16;21394;REAL;21799;21809;2180,9
649;31;21425;REAL;21830;21840;2184
650;39;21464;REAL;21869;21879;2187,9
651;131;21595;REAL;22000;22010;2201
652;7;21602;REAL;22007;22017;2201,7
653;31;21633;REAL;22038;22048;2204,8
654;16;21649;REAL;22054;22064;2206,4
655;12;21661;REAL;22066;22076;2207,6
656;14;21675;REAL;22080;22090;2209
657;63;21738;REAL;22143;22153;2215,3
658;43;21781;REAL;22186;22196;2219,6
659;10;21791;REAL;22196;22206;2220,6
660;11;21802;REAL;22207;22217;2221,7
661;24;21826;REAL;22231;22241;2224,1
662;24;21850;REAL;22255;22265;2226,5
663;22;21872;REAL;22277;22287;2228,7
664;32;21904;REAL;22309;22319;2231,9
665;10;21914;REAL;22319;22329;2232,9
666;38;21952;REAL;22357;22367;2236,7
667;21;21973;REAL;22378;22388;2238,8
668;9;21982;REAL;22387;22397;2239,7
669;7;21989;REAL;22394;22404;2240,4
670;9;21998;REAL;22403;22413;2241,3
671;9;22007;REAL;22412;22422;2242,2
672;10;22017;REAL;22422;22432;2243,2
673;9;22026;REAL;22431;22441;2244,1
674;18;22044;REAL;22449;22459;2245,9
675;7;22051;REAL;22456;22466;2246,6
676;8;22059;REAL;22464;22474;2247,4
677;26;22085;REAL;22490;22500;2250
678;27;22112;REAL;22517;22527;2252,7
679;19;22131;REAL;22536;22546;2254,6
680;17;22148;REAL;22553;22563;2256,3
681;13;22161;REAL;22566;22576;2257,6
682;17;22178;REAL;22583;22593;2259,3
683;17;22195;REAL;22600;22610;2261
684;19;22214;REAL;22619;22629;2262,9
685;7;22221;REAL;22626;22636;2263,6
686;12;22233;REAL;22638;22648;2264,8
687;19;22252;REAL;22657;22667;2266,7
688;13;22265;REAL;22670;22680;2268
689;59;22324;REAL;22729;22739;2273,9
690;32;22356;REAL;22761;22771;2277,1
691;28;22384;REAL;22789;22799;2279,9
692;8;22392;REAL;22797;22807;2280,7
693;86;22478;REAL;22883;22893;2289,3
694;15;22493;REAL;22898;22908;2290,8
695;28;22521;REAL;22926;22936;2293,6
696;14;22535;REAL;22940;22950;2295
697;22;22557;REAL;22962;22972;2297,2
698;34;22591;REAL;22996;23006;2300,6
699;14;22605;REAL;23010;23020;2302
700;18;22623;REAL;23028;23038;2303,8
701;12;22635;REAL;23040;23050;2305
702;9;22644;REAL;23049;23059;2305,9
703;18;22662;REAL;23067;23077;2307,7
704;23;22685;REAL;23090;23100;2310
705;7;22692;REAL;23097;23107;2310,7
706;7;22699;REAL;23104;23114;2311,4
707;9;22708;REAL;23113;23123;2312,3
708;11;22719;REAL;23124;23134;2313,4
709;9;22728;REAL;23133;23143;2314,3
710;7;22735;REAL;23140;23150;2315
711;10;22745;REAL;23150;23160;2316
712;10;22755;REAL;23160;23170;2317
713;9;22764;REAL;23169;23179;2317,9
714;22;22786;REAL;23191;23201;2320,1
715;18;22804;REAL;23209;23219;2321,9
716;11;22815;REAL;23220;23230;2323
717;15;22830;REAL;23235;23245;2324,5
718;16;22846;REAL;23251;23261;2326,1
719;11;22857;REAL;23262;23272;2327,2
720;9;22866;REAL;23271;23281;2328,1
721;5;22871;REAL;23276;23286;2328,6
722;10;22881;REAL;23286;23296;2329,6
723;11;22892;REAL;23297;23307;2330,7
724;23;22915;REAL;23320;23330;2333
725;12;22927;REAL;23332;23342;2334,2
726;12;22939;REAL;23344;23354;2335,4
727;13;22952;REAL;23357;23367;2336,7
728;16;22968;REAL;23373;23383;2338,3
729;27;22995;REAL;23400;23410;2341
730;21;23016;REAL;23421;23431;2343,1
731;11;23027;REAL;23432;23442;2344,2
732;37;23064;REAL;23469;23479;2347,9
733;7;23071;REAL;23476;23486;2348,6
734;10;23081;REAL;23486;23496;2349,6
735;9;23090;REAL;23495;23505;2350,5
736;39;23129;REAL;23534;23544;2354,4
737;11;23140;REAL;23545;23555;2355,5
738;26;23166;REAL;23571;23581;2358,1
739;16;23182;REAL;23587;23597;2359,7
740;21;23203;REAL;23608;23618;2361,8
741;26;23229;REAL;23634;23644;2364,4
742;27;23256;REAL;23661;23671;2367,1
743;15;23271;REAL;23676;23686;2368,6
744;8;23279;REAL;23684;23694;2369,4
745;31;23310;REAL;23715;23725;2372,5
746;12;23322;REAL;23727;23737;2373,7
747;20;23342;REAL;23747;23757;2375,7
748;74;23416;REAL;23821;23831;2383,1
749;38;23454;REAL;23859;23869;2386,9
750;29;23483;REAL;23888;23898;2389,8
751;46;23529;REAL;23934;23944;2394,4
752;23;23552;REAL;23957;23967;2396,7
753;51;23603;DL1;24008;24018;2401,8
754;26;23629;DL1;24034;24044;2404,4
755;30;23659;DL1;24064;24074;2407,4
756;21;23680;DL1;24085;24095;2409,5
757;27;23707;DL1;24112;24122;2412,2
758;15;23722;DL1;24127;24137;2413,7
759;14;23736;DL1;24141;24151;2415,1
760;126;23862;DL1;24267;24277;2427,7
761;226;24088;DL1;24493;24503;2450,3
762;14;24102;DL1;24507;24517;2451,7
763;91;24193;DL1;24598;24608;2460,8
764;19;24212;DL1;24617;24627;2462,7
765;45;24257;DL1;24662;24672;2467,2
766;15;24272;DL1;24677;24687;2468,7
767;42;24314;DL1;24719;24729;2472,9
768;22;24336;DL1;24741;24751;2475,1
769;22;24358;DL1;24763;24773;2477,3
770;57;24415;DL1;24820;24830;2483
771;22;24437;DL1;24842;24852;2485,2
772;62;24499;REAL;24904;24914;2491,4
773;23;24522;REAL;24927;24937;2493,7
774;25;24547;REAL;24952;24962;2496,2
775;28;24575;REAL;24980;24990;2499
776;34;24609;REAL;25014;25024;2502,4
777;19;24628;REAL;25033;25043;2504,3
778;7;24635;REAL;25040;25050;2505
779;32;24667;REAL;25072;25082;2508,2
780;37;24704;REAL;25109;25119;2511,9
781;35;24739;REAL;25144;25154;2515,4
782;45;24784;REAL;25189;25199;2519,9
783;29;24813;REAL;25218;25228;2522,8
784;11;24824;REAL;25229;25239;2523,9
785;19;24843;REAL;25248;25258;2525,8
786;17;24860;REAL;25265;25275;2527,5
787;69;24929;REAL;25334;25344;2534,4
788;24;24953;REAL;25358;25368;2536,8
789;26;24979;REAL;25384;25394;2539,4
790;70;25049;REAL;25454;25464;2546,4
791;18;25067;REAL;25472;25482;2548,2
792;42;25109;REAL;25514;25524;2552,4
793;36;25145;REAL;25550;25560;2556
794;40;25185;REAL;25590;25600;2560
795;30;25215;REAL;25620;25630;2563
796;94;25309;REAL;25714;25724;2572,4
797;11;25320;REAL;25725;25735;2573,5
798;29;25349;REAL;25754;25764;2576,4
799;27;25376;REAL;25781;25791;2579,1
800;112;25488;REAL;25893;25903;2590,3
801;38;25526;REAL;25931;25941;2594,1
802;21;25547;REAL;25952;25962;2596,2
803;53;25600;REAL;26005;26015;2601,5
804;21;25621;REAL;26026;26036;2603,6
805;48;25669;REAL;26074;26084;2608,4
806;113;25782;REAL;26187;26197;2619,7
807;40;25822;REAL;26227;26237;2623,7
808;55;25877;REAL;26282;26292;2629,2
809;17;25894;COBB;26299;26309;2630,9
810;22;25916;COBB;26321;26331;2633,1
811;15;25931;COBB;26336;26346;2634,6
812;16;25947;COBB;26352;26362;2636,2
813;10;25957;COBB;26362;26372;2637,2
814;13;25970;COBB;26375;26385;2638,5
815;22;25992;COBB;26397;26407;2640,7
816;45;26037;REAL;26442;26452;2645,2
817;18;26055;REAL;26460;26470;2647
818;36;26091;REAL;26496;26506;2650,6
819;34;26125;REAL;26530;26540;2654
820;16;26141;REAL;26546;26556;2655,6
821;15;26156;REAL;26561;26571;2657,1
822;16;26172;COBB;26577;26587;2658,7
823;16;26188;REAL;26593;26603;2660,3
824;12;26200;REAL;26605;26615;2661,5
825;9;26209;REAL;26614;26624;2662,4
826;54;26263;REAL;26668;26678;2667,8
827;21;26284;REAL;26689;26699;2669,9
828;7;26291;REAL;26696;26706;2670,6
829;51;26342;REAL;26747;26757;2675,7
830;34;26376;REAL;26781;26791;2679,1
831;27;26403;REAL;26808;26818;2681,8
832;21;26424;REAL;26829;26839;2683,9
833;19;26443;REAL;26848;26858;2685,8
834;206;26649;REAL;27054;27064;2706,4
835;59;26708;REAL;27113;27123;2712,3
836;16;26724;REAL;27129;27139;2713,9
837;30;26754;REAL;27159;27169;2716,9
838;26;26780;REAL;27185;27195;2719,5
839;11;26791;REAL;27196;27206;2720,6
840;53;26844;REAL;27249;27259;2725,9
841;33;26877;REAL;27282;27292;2729,2
842;30;26907;REAL;27312;27322;2732,2
843;27;26934;REAL;27339;27349;2734,9
844;33;26967;REAL;27372;27382;2738,2
845;27;26994;REAL;27399;27409;2740,9
846;17;27011;REAL;27416;27426;2742,6
847;33;27044;REAL;27449;27459;2745,9
848;38;27082;REAL;27487;27497;2749,7
849;32;27114;REAL;27519;27529;2752,9
850;115;27229;REAL;27634;27644;2764,4
851;38;27267;REAL;27672;27682;2768,2
852;179;27446;REAL;27851;27861;2786,1
853;25;27471;REAL;27876;27886;2788,6
854;89;27560;REAL;27965;27975;2797,5
855;34;27594;REAL;27999;28009;2800,9
856;10;27604;REAL;28009;28019;2801,9
857;64;27668;REAL;28073;28083;2808,3
858;21;27689;REAL;28094;28104;2810,4
859;16;27705;REAL;28110;28120;2812
860;26;27731;REAL;28136;28146;2814,6
861;42;27773;REAL;28178;28188;2818,8
862;22;27795;REAL;28200;28210;2821
863;21;27816;REAL;28221;28231;2823,1
864;57;27873;REAL;28278;28288;2828,8
865;66;27939;REAL;28344;28354;2835,4
866;42;27981;REAL;28386;28396;2839,6
867;96;28077;REAL;28482;28492;2849,2
868;27;28104;REAL;28509;28519;2851,9
869;49;28153;REAL;28558;28568;2856,8
870;20;28173;REAL;28578;28588;2858,8
871;55;28228;REAL;28633;28643;2864,3
872;56;28284;REAL;28689;28699;2869,9
873;20;28304;REAL;28709;28719;2871,9
874;45;28349;REAL;28754;28764;2876,4
875;35;28384;REAL;28789;28799;2879,9
876;37;28421;REAL;28826;28836;2883,6
877;30;28451;REAL;28856;28866;2886,6
878;50;28501;REAL;28906;28916;2891,6
879;42;28543;REAL;28948;28958;2895,8
880;37;28580;REAL;28985;28995;2899,5
881;22;28602;REAL;29007;29017;2901,7
882;25;28627;REAL;29032;29042;2904,2
883;28;28655;REAL;29060;29070;2907
884;58;28713;REAL;29118;29128;2912,8
885;28;28741;REAL;29146;29156;2915,6
886;15;28756;REAL;29161;29171;2917,1
887;14;28770;REAL;29175;29185;2918,5
888;19;28789;REAL;29194;29204;2920,4
889;54;28843;REAL;29248;29258;2925,8
890;50;28893;REAL;29298;29308;2930,8
891;19;28912;REAL;29317;29327;2932,7
892;29;28941;REAL;29346;29356;2935,6
893;17;28958;REAL;29363;29373;2937,3
894;16;28974;REAL;29379;29389;2938,9
895;16;28990;REAL;29395;29405;2940,5
896;41;29031;REAL;29436;29446;2944,6
897;123;29154;REAL;29559;29569;2956,9
898;16;29170;REAL;29575;29585;2958,5
899;22;29192;REAL;29597;29607;2960,7
900;43;29235;REAL;29640;29650;2965
901;39;29274;REAL;29679;29689;2968,9
902;38;29312;REAL;29717;29727;2972,7
903;50;29362;REAL;29767;29777;2977,7
904;35;29397;REAL;29802;29812;2981,2
905;25;29422;REAL;29827;29837;2983,7
906;16;29438;REAL;29843;29853;2985,3
907;12;29450;REAL;29855;29865;2986,5
908;25;29475;REAL;29880;29890;2989
909;13;29488;REAL;29893;29903;2990,3
910;11;29499;REAL;29904;29914;2991,4
911;43;29542;REAL;29947;29957;2995,7
912;27;29569;REAL;29974;29984;2998,4
913;44;29613;REAL;30018;30028;3002,8
914;55;29668;REAL;30073;30083;3008,3
915;47;29715;REAL;30120;30130;3013
916;83;29798;REAL;30203;30213;3021,3
917;77;29875;REAL;30280;30290;3029
918;25;29900;REAL;30305;30315;3031,5
919;17;29917;REAL;30322;30332;3033,2
920;12;29929;REAL;30334;30344;3034,4
921;13;29942;REAL;30347;30357;3035,7
922;13;29955;REAL;30360;30370;3037
923;57;30012;REAL;30417;30427;3042,7
924;30;30042;REAL;30447;30457;3045,7
925;23;30065;REAL;30470;30480;3048
926;57;30122;REAL;30527;30537;3053,7
927;69;30191;REAL;30596;30606;3060,6
928;15;30206;REAL;30611;30621;3062,1
929;98;30304;REAL;30709;30719;3071,9
930;40;30344;REAL;30749;30759;3075,9
931;33;30377;REAL;30782;30792;3079,2
932;30;30407;REAL;30812;30822;3082,2
933;47;30454;DL1;30859;30869;3086,9
934;70;30524;DL1;30929;30939;3093,9
935;27;30551;DL1;30956;30966;3096,6
936;39;30590;REAL;30995;31005;3100,5
937;13;30603;REAL;31008;31018;3101,8
938;58;30661;REAL;31066;31076;3107,6
939;27;30688;REAL;31093;31103;3110,3
940;32;30720;REAL;31125;31135;3113,5
941;25;30745;REAL;31150;31160;3116
942;23;30768;REAL;31173;31183;3118,3
943;44;30812;REAL;31217;31227;3122,7
944;16;30828;REAL;31233;31243;3124,3
945;34;30862;REAL;31267;31277;3127,7
946;33;30895;REAL;31300;31310;3131
947;13;30908;REAL;31313;31323;3132,3
948;68;30976;REAL;31381;31391;3139,1
949;49;31025;REAL;31430;31440;3144
950;41;31066;REAL;31471;31481;3148,1
951;44;31110;REAL;31515;31525;3152,5
952;22;31132;REAL;31537;31547;3154,7
953;25;31157;REAL;31562;31572;3157,2
954;16;31173;REAL;31578;31588;3158,8
955;61;31234;REAL;31639;31649;3164,9
956;12;31246;REAL;31651;31661;3166,1
957;30;31276;REAL;31681;31691;3169,1
958;41;31317;REAL;31722;31732;3173,2
959;38;31355;REAL;31760;31770;3177
960;32;31387;REAL;31792;31802;3180,2
961;60;31447;REAL;31852;31862;3186,2
962;18;31465;REAL;31870;31880;3188
963;20;31485;REAL;31890;31900;3190
964;18;31503;REAL;31908;31918;3191,8
965;42;31545;REAL;31950;31960;3196
966;32;31577;REAL;31982;31992;3199,2
967;91;31668;REAL;32073;32083;3208,3
968;53;31721;REAL;32126;32136;3213,6
969;50;31771;REAL;32176;32186;3218,6
970;20;31791;REAL;32196;32206;3220,6
971;13;31804;REAL;32209;32219;3221,9
972;25;31829;REAL;32234;32244;3224,4
973;18;31847;REAL;32252;32262;3226,2
974;11;31858;REAL;32263;32273;3227,3
975;11;31869;REAL;32274;32284;3228,4
976;30;31899;REAL;32304;32314;3231,4
977;10;31909;REAL;32314;32324;3232,4
978;22;31931;REAL;32336;32346;3234,6
979;87;32018;REAL;32423;32433;3243,3
980;16;32034;REAL;32439;32449;3244,9
981;15;32049;REAL;32454;32464;3246,4
982;19;32068;REAL;32473;32483;3248,3
983;50;32118;REAL;32523;32533;3253,3
984;32;32150;REAL;32555;32565;3256,5
985;26;32176;REAL;32581;32591;3259,1
986;21;32197;REAL;32602;32612;3261,2
987;33;32230;REAL;32635;32645;3264,5
988;36;32266;REAL;32671;32681;3268,1
989;75;32341;REAL;32746;32756;3275,6
990;28;32369;REAL;32774;32784;3278,4
991;28;32397;REAL;32802;32812;3281,2
992;34;32431;REAL;32836;32846;3284,6
993;55;32486;COBB;32891;32901;3290,1
994;37;32523;COBB;32928;32938;3293,8
995;53;32576;COBB;32981;32991;3299,1
996;47;32623;COBB;33028;33038;3303,8
997;61;32684;COBB;33089;33099;3309,9
998;32;32716;COBB;33121;33131;3313,1
999;78;32794;COBB;33199;33209;3320,9
1000;91;32885;COBB;33290;33300;3330
1001;29;32914;COBB;33319;33329;3332,9
1002;27;32941;COBB;33346;33356;3335,6
1003;10;32951;COBB;33356;33366;3336,6
1004;23;32974;COBB;33379;33389;3338,9
1005;40;33014;COBB;33419;33429;3342,9
1006;78;33092;COBB;33497;33507;3350,7
1007;24;33116;COBB;33521;33531;3353,1
1008;45;33161;COBB;33566;33576;3357,6
1009;35;33196;COBB;33601;33611;3361,1
1010;23;33219;COBB;33624;33634;3363,4
1011;32;33251;COBB;33656;33666;3366,6
1012;16;33267;COBB;33672;33682;3368,2
1013;26;33293;COBB;33698;33708;3370,8
1014;31;33324;COBB;33729;33739;3373,9
1015;27;33351;COBB;33756;33766;3376,6
1016;44;33395;COBB;33800;33810;3381
1017;27;33422;COBB;33827;33837;3383,7
1018;36;33458;COBB;33863;33873;3387,3
1019;16;33474;COBB;33879;33889;3388,9
1020;13;33487;COBB;33892;33902;3390,2
1021;19;33506;COBB;33911;33921;3392,1
1022;43;33549;COBB;33954;33964;3396,4
1023;25;33574;COBB;33979;33989;3398,9
1024;14;33588;COBB;33993;34003;3400,3
1025;29;33617;COBB;34022;34032;3403,2
1026;27;33644;COBB;34049;34059;3405,9
1027;38;33682;COBB;34087;34097;3409,7
1028;27;33709;COBB;34114;34124;3412,4
1029;20;33729;COBB;34134;34144;3414,4
1030;19;33748;COBB;34153;34163;3416,3
1031;8;33756;COBB;34161;34171;3417,1
1032;11;33767;COBB;34172;34182;3418,2
1033;34;33801;COBB;34206;34216;3421,6
1034;21;33822;COBB;34227;34237;3423,7
1035;111;33933;COBB;34338;34348;3434,8
1036;108;34041;COBB;34446;34456;3445,6
1037;17;34058;COBB;34463;34473;3447,3
1038;23;34081;COBB;34486;34496;3449,6
1039;17;34098;COBB;34503;34513;3451,3
1040;48;34146;COBB;34551;34561;3456,1
1041;69;34215;COBB;34620;34630;3463
1042;46;34261;COBB;34666;34676;3467,6
1043;21;34282;COBB;34687;34697;3469,7
1044;21;34303;COBB;34708;34718;3471,8
1045;29;34332;COBB;34737;34747;3474,7
1046;24;34356;COBB;34761;34771;3477,1
1047;20;34376;COBB;34781;34791;3479,1
1048;26;34402;COBB;34807;34817;3481,7
1049;59;34461;COBB;34866;34876;3487,6
1050;23;34484;COBB;34889;34899;3489,9
1051;36;34520;COBB;34925;34935;3493,5
1052;16;34536;COBB;34941;34951;3495,1
1053;43;34579;COBB;34984;34994;3499,4
1054;11;34590;COBB;34995;35005;3500,5
1055;10;34600;COBB;35005;35015;3501,5
1056;10;34610;COBB;35015;35025;3502,5
1057;7;34617;COBB;35022;35032;3503,2
1058;22;34639;COBB;35044;35054;3505,4
1059;10;34649;COBB;35054;35064;3506,4
1060;33;34682;COBB;35087;35097;3509,7
1061;38;34720;COBB;35125;35135;3513,5
1062;35;34755;COBB;35160;35170;3517
1063;11;34766;COBB;35171;35181;3518,1
1064;44;34810;COBB;35215;35225;3522,5
1065;34;34844;COBB;35249;35259;3525,9
1066;23;34867;COBB;35272;35282;3528,2
1067;27;34894;COBB;35299;35309;3530,9
1068;65;34959;COBB;35364;35374;3537,4
1069;17;34976;COBB;35381;35391;3539,1
1070;10;34986;COBB;35391;35401;3540,1
1071;13;34999;COBB;35404;35414;3541,4
1072;19;35018;COBB;35423;35433;3543,3
1073;18;35036;COBB;35441;35451;3545,1
1074;20;35056;COBB;35461;35471;3547,1
1075;58;35114;COBB;35519;35529;3552,9
1076;17;35131;COBB;35536;35546;3554,6
1077;34;35165;COBB;35570;35580;3558
1078;30;35195;COBB;35600;35610;3561
1079;57;35252;COBB;35657;35667;3566,7
1080;17;35269;COBB;35674;35684;3568,4
1081;24;35293;COBB;35698;35708;3570,8
1082;22;35315;COBB;35720;35730;3573
1083;27;35342;COBB;35747;35757;3575,7
1084;15;35357;COBB;35762;35772;3577,2
1085;91;35448;COBB;35853;35863;3586,3
1086;35;35483;COBB;35888;35898;3589,8
1087;29;35512;COBB;35917;35927;3592,7
1088;21;35533;COBB;35938;35948;3594,8
1089;19;35552;COBB;35957;35967;3596,7
1090;13;35565;COBB;35970;35980;3598
1091;18;35583;COBB;35988;35998;3599,8
1092;15;35598;COBB;36003;36013;3601,3
1093;26;35624;COBB;36029;36039;3603,9
1094;13;35637;COBB;36042;36052;3605,2
1095;36;35673;COBB;36078;36088;3608,8
1096;15;35688;COBB;36093;36103;3610,3
1097;11;35699;COBB;36104;36114;3611,4
1098;8;35707;COBB;36112;36122;3612,2
1099;8;35715;COBB;36120;36130;3613
1100;7;35722;COBB;36127;36137;3613,7
1101;7;35729;COBB;36134;36144;3614,4
1102;7;35736;COBB;36141;36151;3615,1
1103;7;35743;COBB;36148;36158;3615,8
1104;5;35748;COBB;36153;36163;3616,3
1105;11;35759;COBB;36164;36174;3617,4
1106;10;35769;COBB;36174;36184;3618,4
1107;6;35775;COBB;36180;36190;3619
1108;7;35782;COBB;36187;36197;3619,7
1109;9;35791;COBB;36196;36206;3620,6
1110;32;35823;COBB;36228;36238;3623,8
1111;17;35840;COBB;36245;36255;3625,5
1112;11;35851;COBB;36256;36266;3626,6
1113;11;35862;COBB;36267;36277;3627,7
1114;14;35876;COBB;36281;36291;3629,1
1115;54;35930;REAL;36335;36345;3634,5
1116;37;35967;REAL;36372;36382;3638,2
1117;70;36037;REAL;36442;36452;3645,2
1118;25;36062;REAL;36467;36477;3647,7
1119;24;36086;REAL;36491;36501;3650,1
1120;22;36108;REAL;36513;36523;3652,3
1121;11;36119;REAL;36524;36534;3653,4
1122;45;36164;REAL;36569;36579;3657,9
1123;39;36203;REAL;36608;36618;3661,8
1124;20;36223;REAL;36628;36638;3663,8
1125;11;36234;REAL;36639;36649;3664,9
1126;19;36253;REAL;36658;36668;3666,8
1127;34;36287;REAL;36692;36702;3670,2
1128;16;36303;REAL;36708;36718;3671,8
1129;13;36316;REAL;36721;36731;3673,1
1130;19;36335;REAL;36740;36750;3675
1131;34;36369;REAL;36774;36784;3678,4
1132;75;36444;REAL;36849;36859;3685,9
1133;11;36455;REAL;36860;36870;3687
1134;21;36476;REAL;36881;36891;3689,1
1135;41;36517;REAL;36922;36932;3693,2
1136;123;36640;REAL;37045;37055;3705,5
1137;34;36674;REAL;37079;37089;3708,9
1138;42;36716;REAL;37121;37131;3713,1
1139;74;36790;REAL;37195;37205;3720,5
1140;38;36828;REAL;37233;37243;3724,3
1141;31;36859;REAL;37264;37274;3727,4
1142;53;36912;REAL;37317;37327;3732,7
1143;21;36933;REAL;37338;37348;3734,8
1144;29;36962;REAL;37367;37377;3737,7
1145;25;36987;REAL;37392;37402;3740,2
1146;45;37032;REAL;37437;37447;3744,7
1147;58;37090;REAL;37495;37505;3750,5
1148;24;37114;REAL;37519;37529;3752,9
1149;11;37125;REAL;37530;37540;3754
1150;12;37137;REAL;37542;37552;3755,2
1151;112;37249;REAL;37654;37664;3766,4
1152;41;37290;REAL;37695;37705;3770,5
1153;57;37347;REAL;37752;37762;3776,2
1154;106;37453;REAL;37858;37868;3786,8
1155;9;37462;REAL;37867;37877;3787,7
1156;164;37626;REAL;38031;38041;3804,1
1157;62;37688;REAL;38093;38103;3810,3
1158;89;37777;REAL;38182;38192;3819,2
1159;39;37816;REAL;38221;38231;3823,1
1160;27;37843;REAL;38248;38258;3825,8
1161;29;37872;REAL;38277;38287;3828,7
1162;29;37901;REAL;38306;38316;3831,6
1163;43;37944;REAL;38349;38359;3835,9
1164;20;37964;REAL;38369;38379;3837,9
1165;16;37980;REAL;38385;38395;3839,5
1166;18;37998;REAL;38403;38413;3841,3
1167;24;38022;REAL;38427;38437;3843,7
1168;18;38040;REAL;38445;38455;3845,5
1169;13;38053;REAL;38458;38468;3846,8
1170;7;38060;REAL;38465;38475;3847,5
1171;26;38086;REAL;38491;38501;3850,1
1172;23;38109;REAL;38514;38524;3852,4
1173;123;38232;DL1;38637;38647;3864,7
1174;24;38256;DL1;38661;38671;3867,1
1175;23;38279;DL1;38684;38694;3869,4
1176;13;38292;DL1;38697;38707;3870,7
1177;21;38313;DL1;38718;38728;3872,8
1178;35;38348;DL1;38753;38763;3876,3
1179;16;38364;DL1;38769;38779;3877,9
1180;22;38386;DL1;38791;38801;3880,1
1181;16;38402;DL1;38807;38817;3881,7
1182;11;38413;DL1;38818;38828;3882,8
1183;16;38429;DL1;38834;38844;3884,4
1184;171;38600;DL1;39005;39015;3901,5
1185;37;38637;DL1;39042;39052;3905,2
1186;39;38676;DL1;39081;39091;3909,1
1187;62;38738;DL1;39143;39153;3915,3
1188;12;38750;DL1;39155;39165;3916,5
1189;12;38762;DL1;39167;39177;3917,7
1190;10;38772;DL1;39177;39187;3918,7
1191;8;38780;DL1;39185;39195;3919,5
1192;11;38791;DL1;39196;39206;3920,6
1193;21;38812;DL1;39217;39227;3922,7
1194;13;38825;DL1;39230;39240;3924
1195;12;38837;DL1;39242;39252;3925,2
1196;9;38846;DL1;39251;39261;3926,1
1197;49;38895;DL1;39300;39310;3931
1198;11;38906;DL1;39311;39321;3932,1
1199;19;38925;DL1;39330;39340;3934
1200;10;38935;DL1;39340;39350;3935
1201;10;38945;DL1;39350;39360;3936
1202;23;38968;DL1;39373;39383;3938,3
1203;18;38986;DL1;39391;39401;3940,1
1204;37;39023;DL1;39428;39438;3943,8
1205;43;39066;DL1;39471;39481;3948,1
1206;18;39084;DL1;39489;39499;3949,9
1207;11;39095;DL1;39500;39510;3951
1208;13;39108;DL1;39513;39523;3952,3
1209;9;39117;DL1;39522;39532;3953,2
1210;31;39148;DL1;39553;39563;3956,3
1211;8;39156;DL1;39561;39571;3957,1
1212;25;39181;DL1;39586;39596;3959,6
1213;7;39188;DL1;39593;39603;3960,3
1214;6;39194;DL1;39599;39609;3960,9
1215;11;39205;DL1;39610;39620;3962
1216;13;39218;DL1;39623;39633;3963,3
1217;10;39228;DL1;39633;39643;3964,3
1218;6;39234;DL1;39639;39649;3964,9
1219;26;39260;DL1;39665;39675;3967,5
1220;19;39279;DL1;39684;39694;3969,4
1221;35;39314;DL1;39719;39729;3972,9
1222;13;39327;DL1;39732;39742;3974,2
1223;16;39343;DL1;39748;39758;3975,8
1224;13;39356;DL1;39761;39771;3977,1
1225;14;39370;DL1;39775;39785;3978,5
1226;10;39380;DL1;39785;39795;3979,5
1227;19;39399;DL1;39804;39814;3981,4
1228;8;39407;DL1;39812;39822;3982,2
1229;10;39417;DL1;39822;39832;3983,2
1230;12;39429;DL1;39834;39844;3984,4
1231;10;39439;DL1;39844;39854;3985,4
1232;10;39449;DL1;39854;39864;3986,4
1233;9;39458;DL1;39863;39873;3987,3
1234;12;39470;DL1;39875;39885;3988,5
1235;11;39481;DL1;39886;39896;3989,6
1236;17;39498;DL1;39903;39913;3991,3
1237;10;39508;DL1;39913;39923;3992,3
1238;9;39517;DL1;39922;39932;3993,2
1239;7;39524;DL1;39929;39939;3993,9
1240;6;39530;DL1;39935;39945;3994,5
1241;8;39538;DL1;39943;39953;3995,3
1242;8;39546;DL1;39951;39961;3996,1
1243;9;39555;DL1;39960;39970;3997
1244;9;39564;DL1;39969;39979;3997,9
1245;7;39571;DL1;39976;39986;3998,6
1246;9;39580;DL1;39985;39995;3999,5
1247;7;39587;DL1;39992;40002;4000,2
1248;9;39596;DL1;40001;40011;4001,1
1249;12;39608;DL1;40013;40023;4002,3
1250;15;39623;DL1;40028;40038;4003,8
1251;6;39629;DL1;40034;40044;4004,4
1252;33;39662;DL1;40067;40077;4007,7
1253;9;39671;DL1;40076;40086;4008,6
1254;6;39677;DL1;40082;40092;4009,2
1255;16;39693;DL1;40098;40108;4010,8
1256;7;39700;DL1;40105;40115;4011,5
1257;9;39709;DL1;40114;40124;4012,4
1258;11;39720;DL1;40125;40135;4013,5
1259;8;39728;DL1;40133;40143;4014,3
1260;7;39735;DL1;40140;40150;4015
1261;6;39741;DL1;40146;40156;4015,6
1262;8;39749;DL1;40154;40164;4016,4
1263;9;39758;DL1;40163;40173;4017,3
1264;9;39767;DL1;40172;40182;4018,2
1265;6;39773;DL1;40178;40188;4018,8
1266;11;39784;DL1;40189;40199;4019,9
1267;11;39795;DL1;40200;40210;4021
1268;10;39805;DL1;40210;40220;4022
1269;11;39816;DL1;40221;40231;4023,1
1270;10;39826;DL1;40231;40241;4024,1
1271;8;39834;DL1;40239;40249;4024,9
1272;10;39844;DL1;40249;40259;4025,9
1273;15;39859;DL1;40264;40274;4027,4
1274;9;39868;DL1;40273;40283;4028,3
1275;33;39901;DL1;40306;40316;4031,6
1276;7;39908;DL1;40313;40323;4032,3
1277;53;39961;DL1;40366;40376;4037,6
1278;14;39975;DL1;40380;40390;4039
1279;48;40023;DL1;40428;40438;4043,8
1280;34;40057;DL1;40462;40472;4047,2
1281;76;40133;DL1;40538;40548;4054,8
1282;30;40163;DL1;40568;40578;4057,8
1283;40;40203;DL1;40608;40618;4061,8
1284;77;40280;DL1;40685;40695;4069,5
1285;29;40309;DL1;40714;40724;4072,4
1286;64;40373;DL1;40778;40788;4078,8
1287;9;40382;DL1;40787;40797;4079,7
1288;38;40420;DL1;40825;40835;4083,5
1289;36;40456;DL1;40861;40871;4087,1
1290;28;40484;DL1;40889;40899;4089,9
1291;108;40592;DL1;40997;41007;4100,7
1292;15;40607;DL1;41012;41022;4102,2
1293;33;40640;DL1;41045;41055;4105,5
1294;176;40816;DL1;41221;41231;4123,1
1295;19;40835;DL1;41240;41250;4125
1296;8;40843;DL1;41248;41258;4125,8
1297;138;40981;DL1;41386;41396;4139,6
1298;33;41014;DL1;41419;41429;4142,9
1299;46;41060;DL1;41465;41475;4147,5
1300;23;41083;DL1;41488;41498;4149,8
1301;15;41098;DL1;41503;41513;4151,3
1302;32;41130;DL1;41535;41545;4154,5
1303;22;41152;DL1;41557;41567;4156,7
1304;76;41228;DL1;41633;41643;4164,3
1305;66;41294;DL1;41699;41709;4170,9
1306;80;41374;DL1;41779;41789;4178,9
1307;22;41396;DL1;41801;41811;4181,1
1308;10;41406;DL1;41811;41821;4182,1
1309;17;41423;DL1;41828;41838;4183,8
1310;83;41506;DL1;41911;41921;4192,1
1311;71;41577;DL1;41982;41992;4199,2
1312;25;41602;DL1;42007;42017;4201,7
1313;70;41672;DL1;42077;42087;4208,7
1314;66;41738;DL1;42143;42153;4215,3
1315;64;41802;DL1;42207;42217;4221,7
1316;17;41819;DL1;42224;42234;4223,4
1317;66;41885;DL1;42290;42300;4230
1318;31;41916;DL1;42321;42331;4233,1
1319;9;41925;DL1;42330;42340;4234
1320;11;41936;DL1;42341;42351;4235,1
1321;98;42034;DL1;42439;42449;4244,9
1322;43;42077;DL1;42482;42492;4249,2
1323;58;42135;DL1;42540;42550;4255
1324;46;42181;DL1;42586;42596;4259,6
1325;29;42210;DL1;42615;42625;4262,5
1326;17;42227;DL1;42632;42642;4264,2
1327;28;42255;DL1;42660;42670;4267
1328;22;42277;DL1;42682;42692;4269,2
1329;27;42304;DL1;42709;42719;4271,9
1330;28;42332;DL1;42737;42747;4274,7
1331;41;42373;DL1;42778;42788;4278,8
1332;43;42416;DL1;42821;42831;4283,1
1333;19;42435;DL1;42840;42850;4285
1334;41;42476;DL1;42881;42891;4289,1
1335;38;42514;DL1;42919;42929;4292,9
1336;35;42549;DL1;42954;42964;4296,4
1337;37;42586;DL1;42991;43001;4300,1
1338;23;42609;DL1;43014;43024;4302,4
1339;15;42624;DL1;43029;43039;4303,9
1340;23;42647;DL1;43052;43062;4306,2
1341;12;42659;DL1;43064;43074;4307,4
1342;114;42773;DL1;43178;43188;4318,8
1343;29;42802;DL1;43207;43217;4321,7
1344;26;42828;DL1;43233;43243;4324,3
1345;15;42843;DL1;43248;43258;4325,8
1346;37;42880;DL1;43285;43295;4329,5
1347;49;42929;DL1;43334;43344;4334,4
1348;70;42999;DL1;43404;43414;4341,4
1349;193;43192;DL1;43597;43607;4360,7
1350;10;43202;DL1;43607;43617;4361,7
1351;41;43243;DL1;43648;43658;4365,8
1352;19;43262;DL1;43667;43677;4367,7
1353;43;43305;DL1;43710;43720;4372
1354;74;43379;DL1;43784;43794;4379,4
1355;22;43401;DL1;43806;43816;4381,6
1356;42;43443;DL1;43848;43858;4385,8
1357;18;43461;DL1;43866;43876;4387,6
1358;62;43523;DL1;43928;43938;4393,8
1359;24;43547;DL1;43952;43962;4396,2
1360;28;43575;DL1;43980;43990;4399
1361;15;43590;DL1;43995;44005;4400,5
1362;21;43611;DL1;44016;44026;4402,6
1363;13;43624;DL1;44029;44039;4403,9
1364;12;43636;DL1;44041;44051;4405,1
1365;31;43667;DL1;44072;44082;4408,2
1366;77;43744;DL1;44149;44159;4415,9
1367;41;43785;DL1;44190;44200;4420
1368;50;43835;DL1;44240;44250;4425
1369;24;43859;DL1;44264;44274;4427,4
1370;30;43889;DL1;44294;44304;4430,4
1371;17;43906;DL1;44311;44321;4432,1
1372;25;43931;DL1;44336;44346;4434,6
1373;109;44040;DL1;44445;44455;4445,5
1374;36;44076;DL1;44481;44491;4449,1
1375;29;44105;DL1;44510;44520;4452
1376;19;44124;DL1;44529;44539;4453,9
1377;45;44169;DL1;44574;44584;4458,4
1378;16;44185;DL1;44590;44600;4460
1379;24;44209;DL1;44614;44624;4462,4
1380;46;44255;DL1;44660;44670;4467
1381;21;44276;DL1;44681;44691;4469,1
1382;31;44307;DL1;44712;44722;4472,2
1383;26;44333;DL1;44738;44748;4474,8
1384;28;44361;DL1;44766;44776;4477,6
1385;41;44402;DL1;44807;44817;4481,7
1386;41;44443;DL1;44848;44858;4485,8
1387;32;44475;DL1;44880;44890;4489
1388;93;44568;DL1;44973;44983;4498,3
1389;46;44614;DL1;45019;45029;4502,9
1390;38;44652;DL1;45057;45067;4506,7
1391;240;44892;DL1;45297;45307;4530,7
1392;36;44928;DL1;45333;45343;4534,3
1393;14;44942;DL1;45347;45357;4535,7
1394;13;44955;DL1;45360;45370;4537
1395;46;45001;DL1;45406;45416;4541,6
1396;27;45028;DL1;45433;45443;4544,3
1397;25;45053;DL1;45458;45468;4546,8
1398;27;45080;DL1;45485;45495;4549,5
1399;22;45102;DL1;45507;45517;4551,7
1400;27;45129;DL1;45534;45544;4554,4
1401;18;45147;DL1;45552;45562;4556,2
1402;21;45168;DL1;45573;45583;4558,3
1403;20;45188;DL1;45593;45603;4560,3
1404;188;45376;DL1;45781;45791;4579,1
1405;30;45406;DL1;45811;45821;4582,1
1406;45;45451;DL1;45856;45866;4586,6
1407;18;45469;COBB;45874;45884;4588,4
1408;25;45494;COBB;45899;45909;4590,9
1409;50;45544;COBB;45949;45959;4595,9
1410;34;45578;DL1;45983;45993;4599,3
1411;47;45625;COBB;46030;46040;4604
1412;32;45657;COBB;46062;46072;4607,2
1413;18;45675;DL1;46080;46090;4609
1414;40;45715;DL1;46120;46130;4613
1415;75;45790;DL1;46195;46205;4620,5
1416;18;45808;DL1;46213;46223;4622,3
1417;17;45825;COBB;46230;46240;4624
1418;39;45864;COBB;46269;46279;4627,9
1419;34;45898;DL1;46303;46313;4631,3
1420;15;45913;DL1;46318;46328;4632,8
1421;17;45930;COBB;46335;46345;4634,5
1422;25;45955;COBB;46360;46370;4637
1423;21;45976;COBB;46381;46391;4639,1
1424;23;45999;COBB;46404;46414;4641,4
1425;15;46014;COBB;46419;46429;4642,9
1426;18;46032;COBB;46437;46447;4644,7
1427;47;46079;COBB;46484;46494;4649,4
1428;37;46116;DL1;46521;46531;4653,1
1429;22;46138;DL1;46543;46553;4655,3
1430;43;46181;DL1;46586;46596;4659,6
1431;31;46212;COBB;46617;46627;4662,7
1432;49;46261;COBB;46666;46676;4667,6
1433;33;46294;COBB;46699;46709;4670,9
1434;29;46323;DL1;46728;46738;4673,8
1435;34;46357;COBB;46762;46772;4677,2
1436;81;46438;COBB;46843;46853;4685,3
1437;143;46581;DL1;46986;46996;4699,6
1438;65;46646;COBB;47051;47061;4706,1
1439;13;46659;COBB;47064;47074;4707,4
1440;64;46723;COBB;47128;47138;4713,8
1441;14;46737;COBB;47142;47152;4715,2
1442;19;46756;COBB;47161;47171;4717,1
1443;13;46769;COBB;47174;47184;4718,4
1444;17;46786;COBB;47191;47201;4720,1
1445;28;46814;COBB;47219;47229;4722,9
1446;84;46898;DL1;47303;47313;4731,3
1447;41;46939;COBB;47344;47354;4735,4
1448;26;46965;COBB;47370;47380;4738
1449;33;46998;COBB;47403;47413;4741,3
1450;16;47014;COBB;47419;47429;4742,9
1451;15;47029;COBB;47434;47444;4744,4
1452;17;47046;COBB;47451;47461;4746,1
1453;10;47056;COBB;47461;47471;4747,1
1454;22;47078;COBB;47483;47493;4749,3
1455;27;47105;COBB;47510;47520;4752
1456;14;47119;COBB;47524;47534;4753,4
1457;16;47135;COBB;47540;47550;4755
1458;16;47151;COBB;47556;47566;4756,6
1459;24;47175;COBB;47580;47590;4759
1460;26;47201;COBB;47606;47616;4761,6
1461;31;47232;COBB;47637;47647;4764,7
1462;27;47259;COBB;47664;47674;4767,4
1463;38;47297;COBB;47702;47712;4771,2
1464;32;47329;COBB;47734;47744;4774,4
1465;143;47472;COBB;47877;47887;4788,7
1466;47;47519;COBB;47924;47934;4793,4
1467;5;47524;COBB;47929;47939;4793,9
1468;8;47532;COBB;47937;47947;4794,7
1469;26;47558;COBB;47963;47973;4797,3
1470;42;47600;COBB;48005;48015;4801,5
1471;53;47653;COBB;48058;48068;4806,8
1472;28;47681;COBB;48086;48096;4809,6
1473;46;47727;COBB;48132;48142;4814,2
1474;23;47750;COBB;48155;48165;4816,5
1475;54;47804;COBB;48209;48219;4821,9
1476;42;47846;COBB;48251;48261;4826,1
1477;17;47863;COBB;48268;48278;4827,8
1478;19;47882;COBB;48287;48297;4829,7
1479;62;47944;COBB;48349;48359;4835,9
1480;20;47964;COBB;48369;48379;4837,9
1481;81;48045;COBB;48450;48460;4846
1482;22;48067;COBB;48472;48482;4848,2
1483;15;48082;COBB;48487;48497;4849,7
1484;17;48099;COBB;48504;48514;4851,4
1485;9;48108;COBB;48513;48523;4852,3
1486;44;48152;COBB;48557;48567;4856,7
1487;18;48170;COBB;48575;48585;4858,5
1488;25;48195;COBB;48600;48610;4861
1489;23;48218;COBB;48623;48633;4863,3
1490;18;48236;COBB;48641;48651;4865,1
1491;11;48247;COBB;48652;48662;4866,2
1492;9;48256;COBB;48661;48671;4867,1
1493;11;48267;COBB;48672;48682;4868,2
1494;15;48282;COBB;48687;48697;4869,7
1495;11;48293;COBB;48698;48708;4870,8
1496;32;48325;COBB;48730;48740;4874
1497;7;48332;COBB;48737;48747;4874,7
1498;7;48339;COBB;48744;48754;4875,4
1499;9;48348;COBB;48753;48763;4876,3
1500;21;48369;COBB;48774;48784;4878,4
1501;15;48384;DL1;48789;48799;4879,9
1502;21;48405;DL1;48810;48820;4882
1503;30;48435;DL1;48840;48850;4885
1504;15;48450;DL1;48855;48865;4886,5
1505;27;48477;COBB;48882;48892;4889,2
1506;21;48498;COBB;48903;48913;4891,3
1507;12;48510;COBB;48915;48925;4892,5
1508;18;48528;COBB;48933;48943;4894,3
1509;11;48539;COBB;48944;48954;4895,4
1510;12;48551;COBB;48956;48966;4896,6
1511;7;48558;COBB;48963;48973;4897,3
1512;26;48584;COBB;48989;48999;4899,9
1513;14;48598;COBB;49003;49013;4901,3
1514;12;48610;COBB;49015;49025;4902,5
1515;12;48622;COBB;49027;49037;4903,7
1516;40;48662;COBB;49067;49077;4907,7
1517;21;48683;COBB;49088;49098;4909,8
1518;22;48705;DL1;49110;49120;4912
1519;25;48730;DL1;49135;49145;4914,5
1520;19;48749;DL1;49154;49164;4916,4
1521;35;48784;DL1;49189;49199;4919,9
1522;38;48822;DL1;49227;49237;4923,7
1523;53;48875;DL1;49280;49290;4929
1524;44;48919;DL1;49324;49334;4933,4
1525;57;48976;DL1;49381;49391;4939,1
1526;19;48995;DL1;49400;49410;4941
1527;20;49015;DL1;49420;49430;4943
1528;10;49025;DL1;49430;49440;4944
1529;8;49033;DL1;49438;49448;4944,8
1530;13;49046;DL1;49451;49461;4946,1
1531;147;49193;DL1;49598;49608;4960,8
1532;27;49220;DL1;49625;49635;4963,5
1533;61;49281;DL1;49686;49696;4969,6
1534;18;49299;DL1;49704;49714;4971,4
1535;56;49355;DL1;49760;49770;4977
1536;19;49374;DL1;49779;49789;4978,9
1537;38;49412;DL1;49817;49827;4982,7
1538;14;49426;DL1;49831;49841;4984,1
1539;73;49499;DL1;49904;49914;4991,4
1540;139;49638;DL1;50043;50053;5005,3
1541;18;49656;DL1;50061;50071;5007,1
1542;37;49693;DL1;50098;50108;5010,8
1543;10;49703;DL1;50108;50118;5011,8
1544;22;49725;DL1;50130;50140;5014
1545;6;49731;DL1;50136;50146;5014,6
1546;26;49757;DL1;50162;50172;5017,2
1547;16;49773;DL1;50178;50188;5018,8
1548;10;49783;DL1;50188;50198;5019,8
1549;7;49790;DL1;50195;50205;5020,5
1550;25;49815;DL1;50220;50230;5023
1551;10;49825;DL1;50230;50240;5024
1552;11;49836;DL1;50241;50251;5025,1
1553;18;49854;DL1;50259;50269;5026,9
1554;6;49860;DL1;50265;50275;5027,5
1555;11;49871;DL1;50276;50286;5028,6
1556;30;49901;DL1;50306;50316;5031,6
1557;12;49913;DL1;50318;50328;5032,8
1558;52;49965;DL1;50370;50380;5038
1559;7;49972;DL1;50377;50387;5038,7
1560;34;50006;DL1;50411;50421;5042,1
1561;9;50015;DL1;50420;50430;5043
1562;16;50031;DL1;50436;50446;5044,6
1563;27;50058;DL1;50463;50473;5047,3
1564;99;50157;DL1;50562;50572;5057,2
1565;8;50165;DL1;50570;50580;5058
1566;27;50192;DL1;50597;50607;5060,7
1567;48;50240;DL1;50645;50655;5065,5
1568;45;50285;DL1;50690;50700;5070
1569;22;50307;DL1;50712;50722;5072,2
1570;18;50325;DL1;50730;50740;5074
1571;74;50399;DL1;50804;50814;5081,4
1572;21;50420;DL1;50825;50835;5083,5
1573;12;50432;DL1;50837;50847;5084,7
1574;20;50452;DL1;50857;50867;5086,7
1575;10;50462;DL1;50867;50877;5087,7
1576;10;50472;DL1;50877;50887;5088,7
1577;12;50484;DL1;50889;50899;5089,9
1578;54;50538;DL1;50943;50953;5095,3
1579;24;50562;DL1;50967;50977;5097,7
1580;37;50599;DL1;51004;51014;5101,4
1581;22;50621;DL1;51026;51036;5103,6
1582;12;50633;DL1;51038;51048;5104,8
1583;33;50666;DL1;51071;51081;5108,1
1584;41;50707;DL1;51112;51122;5112,2
1585;17;50724;DL1;51129;51139;5113,9
1586;36;50760;DL1;51165;51175;5117,5
1587;13;50773;DL1;51178;51188;5118,8
1588;15;50788;DL1;51193;51203;5120,3
1589;20;50808;DL1;51213;51223;5122,3
1590;12;50820;DL1;51225;51235;5123,5
1591;10;50830;DL1;51235;51245;5124,5
1592;7;50837;DL1;51242;51252;5125,2
1593;9;50846;DL1;51251;51261;5126,1
1594;15;50861;DL1;51266;51276;5127,6
1595;6;50867;DL1;51272;51282;5128,2
1596;5;50872;DL1;51277;51287;5128,7
1597;44;50916;DL2;51321;51331;5133,1
1598;22;50938;DL2;51343;51353;5135,3
1599;46;50984;DL2;51389;51399;5139,9
1600;30;51014;DL2;51419;51429;5142,9
1601;23;51037;DL2;51442;51452;5145,2
1602;50;51087;DL2;51492;51502;5150,2
1603;59;51146;DL2;51551;51561;5156,1
1604;30;51176;DL2;51581;51591;5159,1
1605;33;51209;DL2;51614;51624;5162,4
1606;15;51224;DL2;51629;51639;5163,9
1607;25;51249;DL2;51654;51664;5166,4
1608;26;51275;DL2;51680;51690;5169
1609;29;51304;DL2;51709;51719;5171,9
1610;18;51322;DL2;51727;51737;5173,7
1611;11;51333;DL2;51738;51748;5174,8
1612;22;51355;DL2;51760;51770;5177
1613;24;51379;DL2;51784;51794;5179,4
1614;33;51412;DL2;51817;51827;5182,7
1615;65;51477;DL2;51882;51892;5189,2
1616;48;51525;DL2;51930;51940;5194
1617;33;51558;DL2;51963;51973;5197,3
1618;118;51676;DL2;52081;52091;5209,1
1619;35;51711;DL2;52116;52126;5212,6
1620;15;51726;DL2;52131;52141;5214,1
1621;12;51738;DL2;52143;52153;5215,3
1622;25;51763;DL2;52168;52178;5217,8
1623;25;51788;DL2;52193;52203;5220,3
1624;20;51808;DL2;52213;52223;5222,3
1625;22;51830;DL2;52235;52245;5224,5
1626;54;51884;DL2;52289;52299;5229,9
1627;25;51909;DL2;52314;52324;5232,4
1628;10;51919;DL1;52324;52334;5233,4
1629;8;51927;DL1;52332;52342;5234,2
1630;18;51945;DL1;52350;52360;5236
1631;10;51955;DL1;52360;52370;5237
1632;9;51964;DL1;52369;52379;5237,9
1633;15;51979;DL2;52384;52394;5239,4
1634;46;52025;DL2;52430;52440;5244
1635;26;52051;DL2;52456;52466;5246,6
1636;14;52065;DL2;52470;52480;5248
1637;64;52129;DL2;52534;52544;5254,4
1638;13;52142;DL2;52547;52557;5255,7
1639;19;52161;DL2;52566;52576;5257,6
1640;11;52172;DL2;52577;52587;5258,7
1641;24;52196;DL2;52601;52611;5261,1
1642;42;52238;DL2;52643;52653;5265,3
1643;21;52259;DL2;52664;52674;5267,4
1644;51;52310;DL2;52715;52725;5272,5
1645;79;52389;DL2;52794;52804;5280,4
1646;53;52442;DL2;52847;52857;5285,7
1647;34;52476;DL2;52881;52891;5289,1
1648;13;52489;DL2;52894;52904;5290,4
1649;8;52497;DL2;52902;52912;5291,2
1650;13;52510;DL2;52915;52925;5292,5
1651;19;52529;DL2;52934;52944;5294,4
1652;13;52542;DL2;52947;52957;5295,7
1653;16;52558;DL2;52963;52973;5297,3
1654;7;52565;DL2;52970;52980;5298
1655;9;52574;DL2;52979;52989;5298,9
1656;106;52680;DL2;53085;53095;5309,5
1657;10;52690;DL2;53095;53105;5310,5
1658;7;52697;DL2;53102;53112;5311,2
1659;39;52736;DL2;53141;53151;5315,1
1660;16;52752;DL2;53157;53167;5316,7
1661;23;52775;DL2;53180;53190;5319
1662;17;52792;DL2;53197;53207;5320,7
1663;21;52813;DL2;53218;53228;5322,8
1664;24;52837;DL2;53242;53252;5325,2
1665;37;52874;DL2;53279;53289;5328,9
1666;12;52886;DL2;53291;53301;5330,1
1667;9;52895;DL2;53300;53310;5331
1668;6;52901;DL2;53306;53316;5331,6
1669;47;52948;DL2;53353;53363;5336,3
1670;13;52961;DL1;53366;53376;5337,6
1671;7;52968;DL1;53373;53383;5338,3
1672;7;52975;DL1;53380;53390;5339
1673;8;52983;DL1;53388;53398;5339,8
1674;31;53014;DL1;53419;53429;5342,9
1675;26;53040;DL2;53445;53455;5345,5
1676;39;53079;DL2;53484;53494;5349,4
1677;23;53102;DL2;53507;53517;5351,7
1678;13;53115;DL2;53520;53530;5353
1679;58;53173;DL2;53578;53588;5358,8
1680;17;53190;DL2;53595;53605;5360,5
1681;17;53207;DL2;53612;53622;5362,2
1682;14;53221;DL2;53626;53636;5363,6
1683;149;53370;DL2;53775;53785;5378,5
1684;12;53382;DL1;53787;53797;5379,7
1685;11;53393;DL1;53798;53808;5380,8
1686;16;53409;DL1;53814;53824;5382,4
1687;29;53438;DL1;53843;53853;5385,3
1688;20;53458;DL1;53863;53873;5387,3
1689;23;53481;DL1;53886;53896;5389,6
1690;24;53505;DL2;53910;53920;5392
1691;29;53534;DL2;53939;53949;5394,9
1692;27;53561;DL2;53966;53976;5397,6
1693;14;53575;DL2;53980;53990;5399
1694;18;53593;DL2;53998;54008;5400,8
1695;16;53609;DL2;54014;54024;5402,4
1696;12;53621;DL2;54026;54036;5403,6
1697;17;53638;DL2;54043;54053;5405,3
1698;142;53780;DL2;54185;54195;5419,5
1699;24;53804;DL2;54209;54219;5421,9
1700;101;53905;DL2;54310;54320;5432
1701;57;53962;DL2;54367;54377;5437,7
1702;65;54027;DL2;54432;54442;5444,2
1703;66;54093;DL2;54498;54508;5450,8
1704;15;54108;DL2;54513;54523;5452,3
1705;12;54120;DL2;54525;54535;5453,5
1706;45;54165;DL2;54570;54580;5458
1707;21;54186;DL2;54591;54601;5460,1
1708;13;54199;DL2;54604;54614;5461,4
1709;26;54225;DL2;54630;54640;5464
1710;42;54267;DL2;54672;54682;5468,2
1711;26;54293;DL2;54698;54708;5470,8
1712;12;54305;DL2;54710;54720;5472
1713;15;54320;DL2;54725;54735;5473,5
1714;8;54328;DL2;54733;54743;5474,3
1715;8;54336;DL2;54741;54751;5475,1
1716;11;54347;DL2;54752;54762;5476,2
1717;5;54352;DL2;54757;54767;5476,7
1718;5;54357;DL2;54762;54772;5477,2
1719;6;54363;DL2;54768;54778;5477,8
1720;5;54368;DL2;54773;54783;5478,3
1721;20;54388;DL2;54793;54803;5480,3
1722;52;54440;DL2;54845;54855;5485,5
1723;12;54452;DL2;54857;54867;5486,7
1724;28;54480;DL2;54885;54895;5489,5
1725;40;54520;DL2;54925;54935;5493,5
1726;21;54541;DL2;54946;54956;5495,6
1727;24;54565;DL2;54970;54980;5498
1728;40;54605;DL2;55010;55020;5502
1729;52;54657;DL2;55062;55072;5507,2
1730;49;54706;DL2;55111;55121;5512,1
1731;56;54762;DL2;55167;55177;5517,7
1732;39;54801;DL2;55206;55216;5521,6
1733;26;54827;DL2;55232;55242;5524,2
1734;18;54845;DL2;55250;55260;5526
1735;43;54888;DL2;55293;55303;5530,3
1736;39;54927;DL2;55332;55342;5534,2
1737;35;54962;DL2;55367;55377;5537,7
1738;13;54975;DL2;55380;55390;5539
1739;14;54989;DL2;55394;55404;5540,4
1740;10;54999;DL2;55404;55414;5541,4
1741;37;55036;DL2;55441;55451;5545,1
1742;33;55069;DL2;55474;55484;5548,4
1743;13;55082;DL2;55487;55497;5549,7
1744;156;55238;DL2;55643;55653;5565,3
1745;65;55303;DL2;55708;55718;5571,8
1746;39;55342;DL2;55747;55757;5575,7
1747;83;55425;DL2;55830;55840;5584
1748;92;55517;DL2;55922;55932;5593,2
1749;11;55528;DL2;55933;55943;5594,3
1750;21;55549;DL2;55954;55964;5596,4
1751;49;55598;DL2;56003;56013;5601,3
1752;53;55651;DL2;56056;56066;5606,6
1753;16;55667;DL2;56072;56082;5608,2
1754;72;55739;DL2;56144;56154;5615,4
1755;66;55805;DL2;56210;56220;5622
1756;26;55831;DL2;56236;56246;5624,6
1757;14;55845;DL2;56250;56260;5626
1758;12;55857;DL2;56262;56272;5627,2
1759;45;55902;DL2;56307;56317;5631,7
1760;26;55928;DL2;56333;56343;5634,3
1761;15;55943;DL2;56348;56358;5635,8
1762;42;55985;DL2;56390;56400;5640
1763;93;56078;DL2;56483;56493;5649,3
1764;16;56094;DL2;56499;56509;5650,9
1765;43;56137;DL2;56542;56552;5655,2
1766;15;56152;DL2;56557;56567;5656,7
1767;54;56206;DL2;56611;56621;5662,1
1768;11;56217;DL2;56622;56632;5663,2
1769;55;56272;DL2;56677;56687;5668,7
1770;35;56307;DL2;56712;56722;5672,2
1771;26;56333;DL2;56738;56748;5674,8
1772;77;56410;DL2;56815;56825;5682,5
1773;21;56431;DL2;56836;56846;5684,6
1774;16;56447;DL2;56852;56862;5686,2
1775;10;56457;DL2;56862;56872;5687,2
1776;11;56468;DL2;56873;56883;5688,3
1777;16;56484;DL2;56889;56899;5689,9
1778;16;56500;DL2;56905;56915;5691,5
1779;8;56508;DL2;56913;56923;5692,3
1780;18;56526;DL2;56931;56941;5694,1
1781;14;56540;DL2;56945;56955;5695,5
1782;23;56563;DL2;56968;56978;5697,8
1783;26;56589;DL2;56994;57004;5700,4
1784;31;56620;DL2;57025;57035;5703,5
1785;23;56643;DL2;57048;57058;5705,8
1786;10;56653;DL2;57058;57068;5706,8
1787;60;56713;DL2;57118;57128;5712,8
1788;120;56833;DL2;57238;57248;5724,8
1789;6;56839;DL2;57244;57254;5725,4
1790;24;56863;DL2;57268;57278;5727,8
1791;29;56892;DL2;57297;57307;5730,7
1792;7;56899;DL2;57304;57314;5731,4
1793;22;56921;DL2;57326;57336;5733,6
1794;31;56952;DL2;57357;57367;5736,7
1795;16;56968;DL2;57373;57383;5738,3
1796;49;57017;DL2;57422;57432;5743,2
1797;24;57041;DL2;57446;57456;5745,6
1798;20;57061;DL2;57466;57476;5747,6
1799;25;57086;DL2;57491;57501;5750,1
1800;39;57125;DL2;57530;57540;5754
1801;48;57173;DL2;57578;57588;5758,8
1802;24;57197;DL2;57602;57612;5761,2
1803;44;57241;DL2;57646;57656;5765,6
1804;16;57257;DL2;57662;57672;5767,2
1805;23;57280;DL2;57685;57695;5769,5
1806;16;57296;DL2;57701;57711;5771,1
1807;56;57352;DL2;57757;57767;5776,7
1808;118;57470;DL2;57875;57885;5788,5
1809;91;57561;DL2;57966;57976;5797,6
1810;17;57578;DL2;57983;57993;5799,3
1811;32;57610;DL2;58015;58025;5802,5
1812;35;57645;DL2;58050;58060;5806
1813;16;57661;DL2;58066;58076;5807,6
1814;30;57691;DL2;58096;58106;5810,6
1815;25;57716;DL2;58121;58131;5813,1
1816;33;57749;DL2;58154;58164;5816,4
1817;31;57780;DL2;58185;58195;5819,5
1818;22;57802;DL2;58207;58217;5821,7
1819;17;57819;DL2;58224;58234;5823,4
1820;32;57851;DL2;58256;58266;5826,6
1821;74;57925;DL2;58330;58340;5834
1822;15;57940;DL2;58345;58355;5835,5
1823;20;57960;DL2;58365;58375;5837,5
1824;28;57988;DL2;58393;58403;5840,3
1825;25;58013;DL2;58418;58428;5842,8
1826;20;58033;DL2;58438;58448;5844,8
1827;13;58046;DL2;58451;58461;5846,1
1828;33;58079;DL2;58484;58494;5849,4
1829;35;58114;DL2;58519;58529;5852,9
1830;103;58217;DL2;58622;58632;5863,2
1831;20;58237;DL2;58642;58652;5865,2
1832;39;58276;DL3;58681;58691;5869,1
1833;71;58347;DL3;58752;58762;5876,2
1834;15;58362;DL3;58767;58777;5877,7
1835;70;58432;DL3;58837;58847;5884,7
1836;14;58446;DL3;58851;58861;5886,1
1837;24;58470;DL3;58875;58885;5888,5
1838;43;58513;DL2;58918;58928;5892,8
1839;10;58523;DL1;58928;58938;5893,8
1840;32;58555;DL1;58960;58970;5897
1841;9;58564;DL1;58969;58979;5897,9
1842;26;58590;DL2;58995;59005;5900,5
1843;13;58603;DL2;59008;59018;5901,8
1844;49;58652;DL2;59057;59067;5906,7
1845;18;58670;DL2;59075;59085;5908,5
1846;17;58687;DL2;59092;59102;5910,2
1847;16;58703;DL2;59108;59118;5911,8
1848;29;58732;DL2;59137;59147;5914,7
1849;14;58746;DL1;59151;59161;5916,1
1850;10;58756;DL1;59161;59171;5917,1
1851;17;58773;DL1;59178;59188;5918,8
1852;39;58812;DL1;59217;59227;5922,7
1853;34;58846;DL1;59251;59261;5926,1
1854;18;58864;DL1;59269;59279;5927,9
1855;31;58895;DL2;59300;59310;5931
1856;29;58924;DL2;59329;59339;5933,9
1857;9;58933;DL2;59338;59348;5934,8
1858;23;58956;DL1;59361;59371;5937,1
1859;7;58963;DL1;59368;59378;5937,8
1860;8;58971;DL1;59376;59386;5938,6
1861;6;58977;DL1;59382;59392;5939,2
1862;26;59003;DL1;59408;59418;5941,8
1863;10;59013;DL1;59418;59428;5942,8
1864;6;59019;DL1;59424;59434;5943,4
1865;8;59027;DL1;59432;59442;5944,2
1866;7;59034;DL1;59439;59449;5944,9
1867;6;59040;DL1;59445;59455;5945,5
1868;5;59045;DL1;59450;59460;5946
1869;5;59050;DL1;59455;59465;5946,5
1870;11;59061;DL1;59466;59476;5947,6
1871;5;59066;DL1;59471;59481;5948,1
1872;6;59072;DL1;59477;59487;5948,7
1873;10;59082;DL1;59487;59497;5949,7
1874;7;59089;DL2;59494;59504;5950,4
1875;5;59094;DL2;59499;59509;5950,9
1876;8;59102;DL1;59507;59517;5951,7
1877;22;59124;DL1;59529;59539;5953,9
1878;23;59147;DL1;59552;59562;5956,2
1879;13;59160;DL2;59565;59575;5957,5
1880;29;59189;DL2;59594;59604;5960,4
1881;12;59201;DL2;59606;59616;5961,6
1882;6;59207;DL2;59612;59622;5962,2
1883;8;59215;DL2;59620;59630;5963
1884;11;59226;DL2;59631;59641;5964,1
1885;17;59243;DL2;59648;59658;5965,8
1886;12;59255;DL2;59660;59670;5967
1887;12;59267;DL1;59672;59682;5968,2
1888;11;59278;DL1;59683;59693;5969,3
1889;8;59286;DL1;59691;59701;5970,1
1890;10;59296;DL1;59701;59711;5971,1
1891;10;59306;DL1;59711;59721;5972,1
1892;12;59318;DL1;59723;59733;5973,3
1893;8;59326;DL1;59731;59741;5974,1
1894;22;59348;DL1;59753;59763;5976,3
1895;11;59359;DL1;59764;59774;5977,4
1896;13;59372;DL1;59777;59787;5978,7
1897;11;59383;DL2;59788;59798;5979,8
1898;170;59553;DL2;59958;59968;5996,8
1899;21;59574;DL1;59979;59989;5998,9
1900;17;59591;DL2;59996;60006;6000,6
1901;13;59604;DL2;60009;60019;6001,9
1902;8;59612;DL2;60017;60027;6002,7
1903;9;59621;DL2;60026;60036;6003,6
1904;10;59631;DL2;60036;60046;6004,6
1905;12;59643;DL2;60048;60058;6005,8
1906;16;59659;DL1;60064;60074;6007,4
1907;30;59689;DL2;60094;60104;6010,4
1908;6;59695;DL2;60100;60110;6011
1909;15;59710;DL2;60115;60125;6012,5
1910;18;59728;DL2;60133;60143;6014,3
1911;14;59742;DL2;60147;60157;6015,7
1912;13;59755;DL2;60160;60170;6017
1913;9;59764;DL2;60169;60179;6017,9
1914;17;59781;DL1;60186;60196;6019,6
1915;80;59861;DL2;60266;60276;6027,6
1916;22;59883;DL1;60288;60298;6029,8
1917;19;59902;DL1;60307;60317;6031,7
1918;7;59909;DL2;60314;60324;6032,4
1919;7;59916;DL2;60321;60331;6033,1
1920;6;59922;DL2;60327;60337;6033,7
1921;8;59930;DL2;60335;60345;6034,5
1922;8;59938;DL2;60343;60353;6035,3
1923;42;59980;DL2;60385;60395;6039,5
1924;64;60044;DL1;60449;60459;6045,9
1925;18;60062;DL1;60467;60477;6047,7
1926;23;60085;DL1;60490;60500;6050
1927;17;60102;DL2;60507;60517;6051,7
1928;44;60146;DL2;60551;60561;6056,1
1929;84;60230;DL3;60635;60645;6064,5
1930;43;60273;DL3;60678;60688;6068,8
1931;17;60290;DL3;60695;60705;6070,5
1932;19;60309;DL3;60714;60724;6072,4
1933;27;60336;DL3;60741;60751;6075,1
1934;12;60348;DL3;60753;60763;6076,3
1935;10;60358;DL3;60763;60773;6077,3
1936;8;60366;DL3;60771;60781;6078,1
1937;27;60393;DL3;60798;60808;6080,8
1938;16;60409;DL3;60814;60824;6082,4
1939;16;60425;DL3;60830;60840;6084
1940;20;60445;DL3;60850;60860;6086
1941;10;60455;DL3;60860;60870;6087
1942;8;60463;DL3;60868;60878;6087,8
1943;19;60482;DL3;60887;60897;6089,7
1944;15;60497;DL3;60902;60912;6091,2
1945;19;60516;DL3;60921;60931;6093,1
1946;61;60577;DL3;60982;60992;6099,2
1947;31;60608;DL3;61013;61023;6102,3
1948;27;60635;DL3;61040;61050;6105
1949;98;60733;DL1;61138;61148;6114,8
1950;24;60757;DL1;61162;61172;6117,2
1951;22;60779;DL1;61184;61194;6119,4
1952;11;60790;DL1;61195;61205;6120,5
1953;9;60799;DL1;61204;61214;6121,4
1954;26;60825;DL1;61230;61240;6124
1955;39;60864;DL1;61269;61279;6127,9
1956;11;60875;DL1;61280;61290;6129
1957;11;60886;DL1;61291;61301;6130,1
1958;33;60919;DL1;61324;61334;6133,4
1959;24;60943;DL1;61348;61358;6135,8
1960;10;60953;DL1;61358;61368;6136,8
1961;23;60976;DL1;61381;61391;6139,1
1962;22;60998;DL1;61403;61413;6141,3
1963;31;61029;DL3;61434;61444;6144,4
1964;33;61062;DL3;61467;61477;6147,7
1965;27;61089;DL3;61494;61504;6150,4
1966;12;61101;DL3;61506;61516;6151,6
1967;24;61125;DL3;61530;61540;6154
1968;17;61142;DL3;61547;61557;6155,7
1969;9;61151;DL3;61556;61566;6156,6
1970;17;61168;DL3;61573;61583;6158,3
1971;29;61197;DL3;61602;61612;6161,2
1972;13;61210;DL3;61615;61625;6162,5
1973;13;61223;DL3;61628;61638;6163,8
1974;51;61274;DL3;61679;61689;6168,9
1975;21;61295;DL1;61700;61710;6171
1976;35;61330;DL1;61735;61745;6174,5
1977;13;61343;DL1;61748;61758;6175,8
1978;11;61354;DL1;61759;61769;6176,9
1979;12;61366;DL1;61771;61781;6178,1
1980;9;61375;DL1;61780;61790;6179
1981;12;61387;DL1;61792;61802;6180,2
1982;31;61418;DL1;61823;61833;6183,3
1983;11;61429;DL1;61834;61844;6184,4
1984;15;61444;DL1;61849;61859;6185,9
1985;18;61462;DL1;61867;61877;6187,7
1986;21;61483;DL1;61888;61898;6189,8
1987;11;61494;DL1;61899;61909;6190,9
1988;21;61515;DL1;61920;61930;6193
1989;47;61562;DL1;61967;61977;6197,7
1990;22;61584;DL2;61989;61999;6199,9
1991;35;61619;DL2;62024;62034;6203,4
1992;29;61648;DL3;62053;62063;6206,3
1993;16;61664;DL3;62069;62079;6207,9
1994;32;61696;DL3;62101;62111;6211,1
1995;22;61718;DL3;62123;62133;6213,3
1996;16;61734;DL3;62139;62149;6214,9
1997;31;61765;DL3;62170;62180;6218
1998;13;61778;DL3;62183;62193;6219,3
1999;17;61795;DL3;62200;62210;6221
2000;21;61816;DL3;62221;62231;6223,1
2001;32;61848;DL3;62253;62263;6226,3
2002;18;61866;DL3;62271;62281;6228,1
2003;11;61877;DL1;62282;62292;6229,2
2004;13;61890;DL1;62295;62305;6230,5
2005;16;61906;DL3;62311;62321;6232,1
2006;17;61923;DL2;62328;62338;6233,8
2007;9;61932;DL2;62337;62347;6234,7
2008;18;61950;DL2;62355;62365;6236,5
2009;9;61959;DL3;62364;62374;6237,4
2010;11;61970;DL3;62375;62385;6238,5
2011;16;61986;DL3;62391;62401;6240,1
2012;17;62003;DL3;62408;62418;6241,8
2013;21;62024;DL3;62429;62439;6243,9
2014;15;62039;DL3;62444;62454;6245,4
2015;9;62048;DL3;62453;62463;6246,3
2016;14;62062;DL3;62467;62477;6247,7
2017;9;62071;DL3;62476;62486;6248,6
2018;11;62082;DL3;62487;62497;6249,7
2019;12;62094;DL3;62499;62509;6250,9
2020;10;62104;DL3;62509;62519;6251,9
2021;13;62117;DL3;62522;62532;6253,2
2022;25;62142;DL3;62547;62557;6255,7
2023;20;62162;DL3;62567;62577;6257,7
2024;38;62200;DL3;62605;62615;6261,5
2025;12;62212;DL3;62617;62627;6262,7
2026;9;62221;DL3;62626;62636;6263,6
2027;15;62236;DL3;62641;62651;6265,1
2028;26;62262;DL3;62667;62677;6267,7
2029;40;62302;DL3;62707;62717;6271,7
2030;26;62328;DL3;62733;62743;6274,3
2031;12;62340;DL3;62745;62755;6275,5
2032;10;62350;DL3;62755;62765;6276,5
2033;25;62375;DL3;62780;62790;6279
2034;21;62396;DL3;62801;62811;6281,1
2035;11;62407;DL3;62812;62822;6282,2
2036;21;62428;DL3;62833;62843;6284,3
2037;22;62450;DL3;62855;62865;6286,5
2038;18;62468;DL3;62873;62883;6288,3
2039;23;62491;DL3;62896;62906;6290,6
2040;32;62523;DL3;62928;62938;6293,8
2041;14;62537;DL3;62942;62952;6295,2
2042;14;62551;DL3;62956;62966;6296,6
2043;11;62562;DL3;62967;62977;6297,7
2044;11;62573;DL3;62978;62988;6298,8
2045;9;62582;DL3;62987;62997;6299,7
2046;12;62594;DL3;62999;63009;6300,9
2047;11;62605;DL3;63010;63020;6302
2048;15;62620;DL3;63025;63035;6303,5
2049;12;62632;DL3;63037;63047;6304,7
2050;9;62641;DL3;63046;63056;6305,6
2051;18;62659;DL3;63064;63074;6307,4
2052;13;62672;DL3;63077;63087;6308,7
2053;9;62681;DL3;63086;63096;6309,6
2054;8;62689;DL3;63094;63104;6310,4
2055;6;62695;DL3;63100;63110;6311
2056;5;62700;DL3;63105;63115;6311,5
2057;13;62713;DL1;63118;63128;6312,8
2058;19;62732;DL1;63137;63147;6314,7
2059;8;62740;DL1;63145;63155;6315,5
2060;8;62748;DL2;63153;63163;6316,3
2061;5;62753;DL2;63158;63168;6316,8
2062;13;62766;DL2;63171;63181;6318,1
2063;16;62782;DL2;63187;63197;6319,7
2064;21;62803;DL2;63208;63218;6321,8
2065;120;62923;DL2;63328;63338;6333,8
2066;17;62940;DL1;63345;63355;6335,5
2067;13;62953;DL1;63358;63368;6336,8
2068;10;62963;DL1;63368;63378;6337,8
2069;9;62972;DL1;63377;63387;6338,7
2070;8;62980;DL1;63385;63395;6339,5
2071;11;62991;DL2;63396;63406;6340,6
2072;14;63005;DL1;63410;63420;6342
2073;9;63014;DL1;63419;63429;6342,9
2074;14;63028;DL1;63433;63443;6344,3
2075;25;63053;DL1;63458;63468;6346,8
2076;2;63055;DL2;63460;63470;6347
2077;16;63071;DL3;63476;63486;6348,6
2078;30;63101;DL1;63506;63516;6351,6
2079;76;63177;DL3;63582;63592;6359,2
2080;14;63191;DL3;63596;63606;6360,6
2081;13;63204;DL3;63609;63619;6361,9
2082;42;63246;DL3;63651;63661;6366,1
2083;20;63266;DL3;63671;63681;6368,1
2084;17;63283;DL3;63688;63698;6369,8
2085;24;63307;DL3;63712;63722;6372,2
2086;22;63329;DL3;63734;63744;6374,4
2087;18;63347;DL3;63752;63762;6376,2
2088;42;63389;DL3;63794;63804;6380,4
2089;15;63404;DL3;63809;63819;6381,9
2090;56;63460;DL3;63865;63875;6387,5
2091;54;63514;DL3;63919;63929;6392,9
2092;88;63602;DL3;64007;64017;6401,7
2093;17;63619;DL3;64024;64034;6403,4
2094;9;63628;DL3;64033;64043;6404,3
2095;7;63635;DL3;64040;64050;6405
2096;10;63645;DL3;64050;64060;6406
2097;18;63663;DL3;64068;64078;6407,8
2098;80;63743;DL3;64148;64158;6415,8
2099;33;63776;DL3;64181;64191;6419,1
2100;20;63796;DL3;64201;64211;6421,1
2101;12;63808;DL3;64213;64223;6422,3
2102;23;63831;DL1;64236;64246;6424,6
2103;34;63865;DL1;64270;64280;6428
2104;32;63897;DL1;64302;64312;6431,2
2105;23;63920;DL1;64325;64335;6433,5
2106;13;63933;DL1;64338;64348;6434,8
2107;23;63956;DL2;64361;64371;6437,1
2108;35;63991;DL2;64396;64406;6440,6
2109;45;64036;DL2;64441;64451;6445,1
2110;49;64085;DL2;64490;64500;6450
2111;19;64104;DL2;64509;64519;6451,9
2112;22;64126;DL2;64531;64541;6454,1
2113;21;64147;DL2;64552;64562;6456,2
2114;23;64170;DL3;64575;64585;6458,5
2115;9;64179;DL3;64584;64594;6459,4
2116;7;64186;DL3;64591;64601;6460,1
2117;11;64197;DL3;64602;64612;6461,2
2118;6;64203;DL3;64608;64618;6461,8
2119;43;64246;DL3;64651;64661;6466,1
2120;53;64299;DL3;64704;64714;6471,4
2121;37;64336;DL3;64741;64751;6475,1
2122;35;64371;DL3;64776;64786;6478,6
2123;59;64430;DL3;64835;64845;6484,5
2124;13;64443;DL3;64848;64858;6485,8
2125;56;64499;DL3;64904;64914;6491,4
2126;24;64523;DL3;64928;64938;6493,8
2127;11;64534;DL3;64939;64949;6494,9
2128;18;64552;DL3;64957;64967;6496,7
2129;28;64580;DL3;64985;64995;6499,5
2130;55;64635;DL3;65040;65050;6505
2131;11;64646;DL3;65051;65061;6506,1
2132;15;64661;DL3;65066;65076;6507,6
2133;11;64672;DL3;65077;65087;6508,7
2134;11;64683;DL3;65088;65098;6509,8
2135;32;64715;DL3;65120;65130;6513
2136;25;64740;DL3;65145;65155;6515,5
2137;27;64767;DL3;65172;65182;6518,2
2138;25;64792;DL3;65197;65207;6520,7
2139;13;64805;DL3;65210;65220;6522
2140;28;64833;DL3;65238;65248;6524,8
2141;31;64864;DL3;65269;65279;6527,9
2142;20;64884;DL2;65289;65299;6529,9
2143;21;64905;DL2;65310;65320;6532
2144;17;64922;DL2;65327;65337;6533,7
2145;10;64932;DL2;65337;65347;6534,7
2146;10;64942;DL2;65347;65357;6535,7
2147;8;64950;DL2;65355;65365;6536,5
2148;10;64960;DL2;65365;65375;6537,5
2149;48;65008;DL2;65413;65423;6542,3
2150;14;65022;DL2;65427;65437;6543,7
2151;22;65044;DL2;65449;65459;6545,9
2152;11;65055;DL2;65460;65470;6547
2153;5;65060;DL2;65465;65475;6547,5
2154;31;65091;DL2;65496;65506;6550,6
2155;8;65099;DL2;65504;65514;6551,4
2156;19;65118;DL2;65523;65533;6553,3
2157;40;65158;DL2;65563;65573;6557,3
2158;37;65195;DL2;65600;65610;6561
2159;35;65230;DL2;65635;65645;6564,5
2160;29;65259;DL3;65664;65674;6567,4
2161;19;65278;DL3;65683;65693;6569,3
2162;23;65301;DL3;65706;65716;6571,6
2163;10;65311;DL3;65716;65726;6572,6
2164;7;65318;DL3;65723;65733;6573,3
2165;15;65333;DL3;65738;65748;6574,8
2166;9;65342;DL3;65747;65757;6575,7
2167;17;65359;DL3;65764;65774;6577,4
2168;18;65377;DL3;65782;65792;6579,2
2169;25;65402;DL3;65807;65817;6581,7
2170;32;65434;DL1;65839;65849;6584,9
2171;22;65456;DL1;65861;65871;6587,1
2172;42;65498;DL2;65903;65913;6591,3
2173;21;65519;DL2;65924;65934;6593,4
2174;39;65558;DL2;65963;65973;6597,3
2175;38;65596;DL3;66001;66011;6601,1
2176;43;65639;DL3;66044;66054;6605,4
2177;20;65659;DL3;66064;66074;6607,4
2178;10;65669;DL3;66074;66084;6608,4
2179;17;65686;DL3;66091;66101;6610,1
2180;19;65705;DL3;66110;66120;6612
2181;16;65721;DL3;66126;66136;6613,6
2182;12;65733;DL3;66138;66148;6614,8
2183;9;65742;DL3;66147;66157;6615,7
2184;8;65750;DL3;66155;66165;6616,5
2185;16;65766;DL3;66171;66181;6618,1
2186;10;65776;DL3;66181;66191;6619,1
2187;10;65786;DL3;66191;66201;6620,1
2188;13;65799;DL3;66204;66214;6621,4
2189;15;65814;DL3;66219;66229;6622,9
2190;27;65841;DL2;66246;66256;6625,6
2191;69;65910;DL2;66315;66325;6632,5
2192;27;65937;DL2;66342;66352;6635,2
2193;26;65963;DL2;66368;66378;6637,8
2194;14;65977;DL2;66382;66392;6639,2
2195;27;66004;DL2;66409;66419;6641,9
2196;83;66087;DL3;66492;66502;6650,2
2197;27;66114;DL3;66519;66529;6652,9
2198;27;66141;DL3;66546;66556;6655,6
2199;20;66161;DL3;66566;66576;6657,6
2200;20;66181;DL3;66586;66596;6659,6
2201;21;66202;DL2;66607;66617;6661,7
2202;17;66219;DL2;66624;66634;6663,4
2203;39;66258;DL2;66663;66673;6667,3
2204;62;66320;DL3;66725;66735;6673,5
2205;129;66449;DL3;66854;66864;6686,4
2206;12;66461;DL3;66866;66876;6687,6
2207;9;66470;DL3;66875;66885;6688,5
2208;9;66479;DL3;66884;66894;6689,4
2209;8;66487;DL3;66892;66902;6690,2
2210;9;66496;DL3;66901;66911;6691,1
2211;6;66502;DL3;66907;66917;6691,7
2212;7;66509;DL3;66914;66924;6692,4
2213;18;66527;DL3;66932;66942;6694,2
2214;6;66533;DL3;66938;66948;6694,8
2215;10;66543;DL3;66948;66958;6695,8
2216;5;66548;DL3;66953;66963;6696,3
2217;35;66583;DL3;66988;66998;6699,8
2218;51;66634;DL2;67039;67049;6704,9
2219;33;66667;DL2;67072;67082;6708,2
2220;23;66690;DL3;67095;67105;6710,5
2221;27;66717;DL3;67122;67132;6713,2
2222;75;66792;DL3;67197;67207;6720,7
2223;20;66812;DL3;67217;67227;6722,7
2224;17;66829;DL3;67234;67244;6724,4
2225;11;66840;DL3;67245;67255;6725,5
2226;46;66886;DL3;67291;67301;6730,1
2227;12;66898;DL3;67303;67313;6731,3
2228;15;66913;DL3;67318;67328;6732,8
2229;11;66924;DL3;67329;67339;6733,9
2230;11;66935;DL3;67340;67350;6735
2231;15;66950;DL3;67355;67365;6736,5
2232;13;66963;DL3;67368;67378;6737,8
2233;16;66979;DL3;67384;67394;6739,4
2234;21;67000;DL3;67405;67415;6741,5
2235;32;67032;DL3;67437;67447;6744,7
2236;19;67051;DL3;67456;67466;6746,6
2237;18;67069;DL3;67474;67484;6748,4
2238;15;67084;DL3;67489;67499;6749,9
2239;23;67107;DL3;67512;67522;6752,2
2240;19;67126;DL3;67531;67541;6754,1
2241;17;67143;DL3;67548;67558;6755,8
2242;23;67166;DL3;67571;67581;6758,1
2243;14;67180;DL3;67585;67595;6759,5
2244;7;67187;DL3;67592;67602;6760,2
2245;9;67196;DL3;67601;67611;6761,1
2246;10;67206;DL3;67611;67621;6762,1
2247;11;67217;DL3;67622;67632;6763,2
2248;13;67230;DL3;67635;67645;6764,5
2249;35;67265;DL3;67670;67680;6768
2250;16;67281;DL3;67686;67696;6769,6
2251;39;67320;DL3;67725;67735;6773,5
2252;27;67347;DL2;67752;67762;6776,2
2253;67;67414;DL2;67819;67829;6782,9
2254;21;67435;DL2;67840;67850;6785
2255;8;67443;DL3;67848;67858;6785,8
2256;22;67465;DL3;67870;67880;6788
2257;25;67490;DL3;67895;67905;6790,5
2258;41;67531;DL3;67936;67946;6794,6
2259;113;67644;DL3;68049;68059;6805,9
2260;31;67675;DL3;68080;68090;6809
2261;13;67688;DL3;68093;68103;6810,3
2262;27;67715;DL3;68120;68130;6813
2263;16;67731;DL3;68136;68146;6814,6
2264;40;67771;DL3;68176;68186;6818,6
2265;22;67793;DL3;68198;68208;6820,8
2266;13;67806;DL3;68211;68221;6822,1
2267;34;67840;DL3;68245;68255;6825,5
2268;28;67868;DL3;68273;68283;6828,3
2269;55;67923;DL3;68328;68338;6833,8
2270;9;67932;DL3;68337;68347;6834,7
2271;11;67943;DL3;68348;68358;6835,8
2272;11;67954;DL3;68359;68369;6836,9
2273;17;67971;DL3;68376;68386;6838,6
2274;31;68002;DL3;68407;68417;6841,7
2275;11;68013;DL3;68418;68428;6842,8
2276;9;68022;DL3;68427;68437;6843,7
2277;12;68034;DL3;68439;68449;6844,9
2278;11;68045;DL3;68450;68460;6846
2279;17;68062;DL3;68467;68477;6847,7
2280;20;68082;DL3;68487;68497;6849,7
2281;16;68098;DL3;68503;68513;6851,3
2282;23;68121;DL3;68526;68536;6853,6
2283;85;68206;DL3;68611;68621;6862,1
2284;13;68219;DL3;68624;68634;6863,4
2285;78;68297;DL3;68702;68712;6871,2
2286;38;68335;DL3;68740;68750;6875
2287;18;68353;DL3;68758;68768;6876,8
2288;34;68387;DL3;68792;68802;6880,2
2289;20;68407;DL3;68812;68822;6882,2
2290;63;68470;DL3;68875;68885;6888,5
2291;94;68564;DL3;68969;68979;6897,9
2292;26;68590;DL3;68995;69005;6900,5
2293;19;68609;DL3;69014;69024;6902,4
2294;45;68654;DL3;69059;69069;6906,9
2295;15;68669;DL3;69074;69084;6908,4
2296;22;68691;DL3;69096;69106;6910,6
2297;23;68714;DL3;69119;69129;6912,9
2298;15;68729;LIMBO;69134;69144;6914,4
2299;79;68808;LIMBO;69213;69223;6922,3
2300;37;68845;LIMBO;69250;69260;6926
2301;35;68880;LIMBO;69285;69295;6929,5
2302;51;68931;LIMBO;69336;69346;6934,6
2303;33;68964;LIMBO;69369;69379;6937,9
2304;31;68995;LIMBO;69400;69410;6941
2305;21;69016;LIMBO;69421;69431;6943,1
2306;70;69086;LIMBO;69491;69501;6950,1
2307;103;69189;LIMBO;69594;69604;6960,4
2308;26;69215;DL1;69620;69630;6963
2309;30;69245;DL1;69650;69660;6966
2310;21;69266;DL1;69671;69681;6968,1
2311;59;69325;DL2;69730;69740;6974
2312;92;69417;DL2;69822;69832;6983,2
2313;41;69458;DL3;69863;69873;6987,3
2314;18;69476;DL3;69881;69891;6989,1
2315;31;69507;DL3;69912;69922;6992,2
2316;13;69520;DL3;69925;69935;6993,5
2317;13;69533;DL3;69938;69948;6994,8
2318;22;69555;DL3;69960;69970;6997
2319;26;69581;DL3;69986;69996;6999,6
2320;14;69595;DL3;70000;70010;7001
2321;20;69615;DL3;70020;70030;7003
2322;36;69651;DL3;70056;70066;7006,6
2323;11;69662;DL3;70067;70077;7007,7
2324;13;69675;DL3;70080;70090;7009
2325;9;69684;DL3;70089;70099;7009,9
2326;10;69694;DL3;70099;70109;7010,9
2327;69;69763;DL3;70168;70178;7017,8
2328;59;69822;DL3;70227;70237;7023,7
2329;87;69909;LIMBO;70314;70324;7032,4
2330;126;70035;LIMBO;70440;70450;7045
2331;55;70090;LIMBO;70495;70505;7050,5
2332;36;70126;LIMBO;70531;70541;7054,1
2333;17;70143;LIMBO;70548;70558;7055,8
2334;14;70157;LIMBO;70562;70572;7057,2
2335;23;70180;LIMBO;70585;70595;7059,5
2336;68;70248;LIMBO;70653;70663;7066,3
2337;55;70303;DL2;70708;70718;7071,8
2338;103;70406;DL2;70811;70821;7082,1
2339;26;70432;DL2;70837;70847;7084,7
2340;10;70442;DL2;70847;70857;7085,7
2341;14;70456;DL2;70861;70871;7087,1
2342;23;70479;DL2;70884;70894;7089,4
2343;74;70553;LIMBO;70958;70968;7096,8
2344;33;70586;LIMBO;70991;71001;7100,1
2345;19;70605;LIMBO;71010;71020;7102
2346;33;70638;LIMBO;71043;71053;7105,3
2347;32;70670;LIMBO;71075;71085;7108,5
2348;29;70699;LIMBO;71104;71114;7111,4
2349;24;70723;LIMBO;71128;71138;7113,8
2350;29;70752;LIMBO;71157;71167;7116,7
2351;19;70771;LIMBO;71176;71186;7118,6
2352;30;70801;LIMBO;71206;71216;7121,6
2353;21;70822;LIMBO;71227;71237;7123,7
2354;30;70852;LIMBO;71257;71267;7126,7
2355;34;70886;LIMBO;71291;71301;7130,1
2356;74;70960;LIMBO;71365;71375;7137,5
2357;37;70997;DL3;71402;71412;7141,2
2358;21;71018;DL3;71423;71433;7143,3
2359;9;71027;DL3;71432;71442;7144,2
2360;8;71035;DL3;71440;71450;7145
2361;9;71044;DL3;71449;71459;7145,9
2362;56;71100;DL2;71505;71515;7151,5
2363;31;71131;DL2;71536;71546;7154,6
2364;155;71286;DL2;71691;71701;7170,1
2365;36;71322;DL2;71727;71737;7173,7
2366;22;71344;LIMBO;71749;71759;7175,9
2367;28;71372;LIMBO;71777;71787;7178,7
2368;11;71383;LIMBO;71788;71798;7179,8
2369;26;71409;LIMBO;71814;71824;7182,4
2370;24;71433;LIMBO;71838;71848;7184,8
2371;35;71468;LIMBO;71873;71883;7188,3
2372;30;71498;DL3;71903;71913;7191,3
2373;13;71511;DL3;71916;71926;7192,6
2374;12;71523;DL3;71928;71938;7193,8
2375;11;71534;DL3;71939;71949;7194,9
2376;44;71578;DL3;71983;71993;7199,3
2377;34;71612;LIMBO;72017;72027;7202,7
2378;40;71652;LIMBO;72057;72067;7206,7
2379;35;71687;LIMBO;72092;72102;7210,2
2380;63;71750;LIMBO;72155;72165;7216,5
2381;59;71809;LIMBO;72214;72224;7222,4
2382;35;71844;LIMBO;72249;72259;7225,9
2383;54;71898;LIMBO;72303;72313;7231,3
2384;36;71934;LIMBO;72339;72349;7234,9
2385;66;72000;LIMBO;72405;72415;7241,5
2386;23;72023;LIMBO;72428;72438;7243,8
2387;24;72047;LIMBO;72452;72462;7246,2
2388;91;72138;LIMBO;72543;72553;7255,3
2389;34;72172;LIMBO;72577;72587;7258,7
2390;90;72262;LIMBO;72667;72677;7267,7
2391;43;72305;LIMBO;72710;72720;7272
2392;14;72319;DL3;72724;72734;7273,4
2393;13;72332;DL3;72737;72747;7274,7
2394;10;72342;DL3;72747;72757;7275,7
2395;15;72357;DL3;72762;72772;7277,2
2396;8;72365;DL3;72770;72780;7278
2397;10;72375;DL3;72780;72790;7279
2398;22;72397;DL3;72802;72812;7281,2
2399;22;72419;DL2;72824;72834;7283,4
2400;37;72456;DL2;72861;72871;7287,1
2401;21;72477;DL2;72882;72892;7289,2
2402;19;72496;DL2;72901;72911;7291,1
2403;18;72514;DL2;72919;72929;7292,9
2404;15;72529;DL3;72934;72944;7294,4
2405;26;72555;DL1;72960;72970;7297
2406;50;72605;LIMBO;73010;73020;7302
2407;21;72626;LIMBO;73031;73041;7304,1
2408;11;72637;LIMBO;73042;73052;7305,2
2409;88;72725;LIMBO;73130;73140;7314
2410;14;72739;LIMBO;73144;73154;7315,4
2411;15;72754;LIMBO;73159;73169;7316,9
2412;25;72779;LIMBO;73184;73194;7319,4
2413;21;72800;DL3;73205;73215;7321,5
2414;6;72806;DL3;73211;73221;7322,1
2415;31;72837;DL3;73242;73252;7325,2
2416;16;72853;DL3;73258;73268;7326,8
2417;24;72877;DL3;73282;73292;7329,2
2418;16;72893;DL3;73298;73308;7330,8
2419;15;72908;DL3;73313;73323;7332,3
2420;54;72962;LIMBO;73367;73377;7337,7
2421;20;72982;LIMBO;73387;73397;7339,7
2422;27;73009;LIMBO;73414;73424;7342,4
2423;11;73020;LIMBO;73425;73435;7343,5
2424;20;73040;LIMBO;73445;73455;7345,5
2425;29;73069;LIMBO;73474;73484;7348,4
2426;15;73084;LIMBO;73489;73499;7349,9
2427;12;73096;LIMBO;73501;73511;7351,1
2428;32;73128;LIMBO;73533;73543;7354,3
2429;30;73158;LIMBO;73563;73573;7357,3
2430;24;73182;LIMBO;73587;73597;7359,7
2431;35;73217;LIMBO;73622;73632;7363,2
2432;161;73378;LIMBO;73783;73793;7379,3
2433;43;73421;LIMBO;73826;73836;7383,6
2434;83;73504;LIMBO;73909;73919;7391,9
2435;61;73565;LIMBO;73970;73980;7398
2436;28;73593;LIMBO;73998;74008;7400,8
2437;62;73655;LIMBO;74060;74070;7407
2438;25;73680;LIMBO;74085;74095;7409,5
2439;14;73694;LIMBO;74099;74109;7410,9
2440;24;73718;LIMBO;74123;74133;7413,3
2441;43;73761;COBB;74166;74176;7417,6
2442;17;73778;COBB;74183;74193;7419,3
2443;23;73801;COBB;74206;74216;7421,6
2444;26;73827;COBB;74232;74242;7424,2
2445;36;73863;COBB;74268;74278;7427,8
2446;13;73876;COBB;74281;74291;7429,1
2447;16;73892;COBB;74297;74307;7430,7
2448;25;73917;COBB;74322;74332;7433,2
2449;26;73943;LIMBO;74348;74358;7435,8
2450;21;73964;LIMBO;74369;74379;7437,9
2451;37;74001;COBB;74406;74416;7441,6
2452;33;74034;COBB;74439;74449;7444,9
2453;23;74057;COBB;74462;74472;7447,2
2454;15;74072;COBB;74477;74487;7448,7
2455;31;74103;COBB;74508;74518;7451,8
2456;48;74151;COBB;74556;74566;7456,6
2457;28;74179;COBB;74584;74594;7459,4
2458;46;74225;COBB;74630;74640;7464
2459;8;74233;COBB;74638;74648;7464,8
2460;19;74252;COBB;74657;74667;7466,7
2461;86;74338;COBB;74743;74753;7475,3
2462;42;74380;LIMBO;74785;74795;7479,5
2463;22;74402;COBB;74807;74817;7481,7
2464;22;74424;COBB;74829;74839;7483,9
2465;50;74474;COBB;74879;74889;7488,9
2466;10;74484;COBB;74889;74899;7489,9
2467;16;74500;COBB;74905;74915;7491,5
2468;54;74554;COBB;74959;74969;7496,9
2469;25;74579;COBB;74984;74994;7499,4
2470;21;74600;COBB;75005;75015;7501,5
2471;10;74610;COBB;75015;75025;7502,5
2472;12;74622;COBB;75027;75037;7503,7
2473;26;74648;COBB;75053;75063;7506,3
2474;17;74665;COBB;75070;75080;7508
2475;44;74709;COBB;75114;75124;7512,4
2476;48;74757;COBB;75162;75172;7517,2
2477;25;74782;COBB;75187;75197;7519,7
2478;25;74807;COBB;75212;75222;7522,2
2479;26;74833;LIMBO;75238;75248;7524,8
2480;34;74867;COBB;75272;75282;7528,2
2481;23;74890;LIMBO;75295;75305;7530,5
2482;25;74915;COBB;75320;75330;7533
2483;9;74924;COBB;75329;75339;7533,9
2484;18;74942;LIMBO;75347;75357;7535,7
2485;10;74952;COBB;75357;75367;7536,7
2486;20;74972;COBB;75377;75387;7538,7
2487;23;74995;LIMBO;75400;75410;7541
2488;15;75010;LIMBO;75415;75425;7542,5
2489;16;75026;LIMBO;75431;75441;7544,1
2490;22;75048;LIMBO;75453;75463;7546,3
2491;55;75103;LIMBO;75508;75518;7551,8
2492;26;75129;LIMBO;75534;75544;7554,4
2493;41;75170;DL1;75575;75585;7558,5
2494;14;75184;DL3;75589;75599;7559,9
2495;29;75213;DL3;75618;75628;7562,8
2496;17;75230;DL3;75635;75645;7564,5
2497;26;75256;DL3;75661;75671;7567,1
2498;10;75266;DL3;75671;75681;7568,1
2499;5;75271;DL3;75676;75686;7568,6
2500;27;75298;DL3;75703;75713;7571,3
2501;21;75319;DL3;75724;75734;7573,4
2502;17;75336;DL3;75741;75751;7575,1
2503;10;75346;DL3;75751;75761;7576,1
2504;12;75358;DL3;75763;75773;7577,3
2505;22;75380;DL3;75785;75795;7579,5
2506;15;75395;DL3;75800;75810;7581
2507;48;75443;DL3;75848;75858;7585,8
2508;9;75452;DL3;75857;75867;7586,7
2509;4;75456;DL3;75861;75871;7587,1
2510;8;75464;DL3;75869;75879;7587,9
2511;7;75471;DL3;75876;75886;7588,6
2512;78;75549;DL3;75954;75964;7596,4
2513;17;75566;DL3;75971;75981;7598,1
2514;17;75583;DL3;75988;75998;7599,8
2515;14;75597;DL3;76002;76012;7601,2
2516;44;75641;DL3;76046;76056;7605,6
2517;12;75653;DL3;76058;76068;7606,8
2518;16;75669;DL3;76074;76084;7608,4
2519;26;75695;DL1;76100;76110;7611
2520;21;75716;DL2;76121;76131;7613,1
2521;18;75734;DL2;76139;76149;7614,9
2522;16;75750;DL2;76155;76165;7616,5
2523;30;75780;DL2;76185;76195;7619,5
2524;77;75857;DL3;76262;76272;7627,2
2525;48;75905;DL3;76310;76320;7632
2526;14;75919;LIMBO;76324;76334;7633,4
2527;9;75928;LIMBO;76333;76343;7634,3
2528;19;75947;LIMBO;76352;76362;7636,2
2529;20;75967;LIMBO;76372;76382;7638,2
2530;15;75982;LIMBO;76387;76397;7639,7
2531;31;76013;LIMBO;76418;76428;7642,8
2532;13;76026;LIMBO;76431;76441;7644,1
2533;19;76045;LIMBO;76450;76460;7646
2534;45;76090;LIMBO;76495;76505;7650,5
2535;22;76112;LIMBO;76517;76527;7652,7
2536;10;76122;LIMBO;76527;76537;7653,7
2537;17;76139;LIMBO;76544;76554;7655,4
2538;16;76155;LIMBO;76560;76570;7657
2539;16;76171;LIMBO;76576;76586;7658,6
2540;10;76181;LIMBO;76586;76596;7659,6
2541;30;76211;DL1;76616;76626;7662,6
2542;25;76236;DL1;76641;76651;7665,1
2543;34;76270;DL2;76675;76685;7668,5
2544;10;76280;DL3;76685;76695;7669,5
2545;8;76288;DL3;76693;76703;7670,3
2546;25;76313;LIMBO;76718;76728;7672,8
2547;24;76337;LIMBO;76742;76752;7675,2
2548;19;76356;LIMBO;76761;76771;7677,1
2549;20;76376;LIMBO;76781;76791;7679,1
2550;36;76412;LIMBO;76817;76827;7682,7
2551;18;76430;LIMBO;76835;76845;7684,5
2552;16;76446;LIMBO;76851;76861;7686,1
2553;19;76465;LIMBO;76870;76880;7688
2554;51;76516;LIMBO;76921;76931;7693,1
2555;36;76552;LIMBO;76957;76967;7696,7
2556;99;76651;LIMBO;77056;77066;7706,6
2557;22;76673;LIMBO;77078;77088;7708,8
2558;27;76700;LIMBO;77105;77115;7711,5
2559;21;76721;LIMBO;77126;77136;7713,6
2560;46;76767;LIMBO;77172;77182;7718,2
2561;26;76793;LIMBO;77198;77208;7720,8
2562;10;76803;LIMBO;77208;77218;7721,8
2563;62;76865;LIMBO;77270;77280;7728
2564;6;76871;LIMBO;77276;77286;7728,6
2565;5;76876;LIMBO;77281;77291;7729,1
2566;6;76882;LIMBO;77287;77297;7729,7
2567;11;76893;LIMBO;77298;77308;7730,8
2568;13;76906;LIMBO;77311;77321;7732,1
2569;11;76917;LIMBO;77322;77332;7733,2
2570;17;76934;LIMBO;77339;77349;7734,9
2571;9;76943;LIMBO;77348;77358;7735,8
2572;14;76957;LIMBO;77362;77372;7737,2
2573;10;76967;LIMBO;77372;77382;7738,2
2574;15;76982;DL3;77387;77397;7739,7
2575;41;77023;LIMBO;77428;77438;7743,8
2576;7;77030;LIMBO;77435;77445;7744,5
2577;42;77072;DL3;77477;77487;7748,7
2578;44;77116;DL1;77521;77531;7753,1
2579;21;77137;DL2;77542;77552;7755,2
2580;21;77158;DL2;77563;77573;7757,3
2581;23;77181;DL2;77586;77596;7759,6
2582;10;77191;DL2;77596;77606;7760,6
2583;9;77200;DL2;77605;77615;7761,5
2584;31;77231;DL2;77636;77646;7764,6
2585;41;77272;DL3;77677;77687;7768,7
2586;36;77308;DL3;77713;77723;7772,3
2587;34;77342;DL3;77747;77757;7775,7
2588;109;77451;DL3;77856;77866;7786,6
2589;32;77483;DL3;77888;77898;7789,8
2590;24;77507;DL3;77912;77922;7792,2
2591;23;77530;DL3;77935;77945;7794,5
2592;52;77582;DL3;77987;77997;7799,7
2593;137;77719;DL3;78124;78134;7813,4
2594;100;77819;DL3;78224;78234;7823,4
2595;33;77852;DL3;78257;78267;7826,7
2596;49;77901;DL2;78306;78316;7831,6
2597;41;77942;DL2;78347;78357;7835,7
2598;17;77959;DL3;78364;78374;7837,4
2599;18;77977;DL3;78382;78392;7839,2
2600;13;77990;DL3;78395;78405;7840,5
2601;22;78012;DL3;78417;78427;7842,7
2602;20;78032;DL3;78437;78447;7844,7
2603;23;78055;DL3;78460;78470;7847
2604;36;78091;DL3;78496;78506;7850,6
2605;46;78137;DL3;78542;78552;7855,2
2606;24;78161;DL3;78566;78576;7857,6
2607;13;78174;DL3;78579;78589;7858,9
2608;19;78193;DL2;78598;78608;7860,8
2609;17;78210;DL1;78615;78625;7862,5
2610;14;78224;DL3;78629;78639;7863,9
2611;55;78279;DL3;78684;78694;7869,4
2612;76;78355;DL3;78760;78770;7877
2613;40;78395;DL3;78800;78810;7881
2614;50;78445;DL3;78850;78860;7886
2615;57;78502;DL3;78907;78917;7891,7
2616;18;78520;DL3;78925;78935;7893,5
2617;26;78546;DL3;78951;78961;7896,1
2618;5;78551;DL3;78956;78966;7896,6
2619;18;78569;DL3;78974;78984;7898,4
2620;21;78590;DL3;78995;79005;7900,5
2621;12;78602;DL2;79007;79017;7901,7
2622;24;78626;DL2;79031;79041;7904,1
2623;44;78670;DL2;79075;79085;7908,5
2624;24;78694;DL2;79099;79109;7910,9
2625;28;78722;DL1;79127;79137;7913,7
2626;13;78735;DL3;79140;79150;7915
2627;23;78758;DL3;79163;79173;7917,3
2628;12;78770;DL3;79175;79185;7918,5
2629;15;78785;DL3;79190;79200;7920
2630;17;78802;DL3;79207;79217;7921,7
2631;12;78814;LIMBO;79219;79229;7922,9
2632;38;78852;LIMBO;79257;79267;7926,7
2633;15;78867;LIMBO;79272;79282;7928,2
2634;9;78876;LIMBO;79281;79291;7929,1
2635;17;78893;LIMBO;79298;79308;7930,8
2636;12;78905;LIMBO;79310;79320;7932
2637;15;78920;DL3;79325;79335;7933,5
2638;13;78933;DL3;79338;79348;7934,8
2639;10;78943;DL3;79348;79358;7935,8
2640;10;78953;DL2;79358;79368;7936,8
2641;16;78969;DL2;79374;79384;7938,4
2642;8;78977;DL3;79382;79392;7939,2
2643;9;78986;DL2;79391;79401;7940,1
2644;13;78999;DL3;79404;79414;7941,4
2645;15;79014;DL3;79419;79429;7942,9
2646;18;79032;DL3;79437;79447;7944,7
2647;36;79068;LIMBO;79473;79483;7948,3
2648;12;79080;LIMBO;79485;79495;7949,5
2649;12;79092;LIMBO;79497;79507;7950,7
2650;14;79106;LIMBO;79511;79521;7952,1
2651;18;79124;LIMBO;79529;79539;7953,9
2652;13;79137;DL3;79542;79552;7955,2
2653;12;79149;DL3;79554;79564;7956,4
2654;29;79178;DL3;79583;79593;7959,3
2655;18;79196;DL3;79601;79611;7961,1
2656;30;79226;DL2;79631;79641;7964,1
2657;26;79252;DL2;79657;79667;7966,7
2658;20;79272;DL2;79677;79687;7968,7
2659;13;79285;DL2;79690;79700;7970
2660;19;79304;DL1;79709;79719;7971,9
2661;20;79324;DL1;79729;79739;7973,9
2662;9;79333;DL1;79738;79748;7974,8
2663;48;79381;DL1;79786;79796;7979,6
2664;48;79429;DL1;79834;79844;7984,4
2665;17;79446;LIMBO;79851;79861;7986,1
2666;34;79480;LIMBO;79885;79895;7989,5
2667;38;79518;LIMBO;79923;79933;7993,3
2668;11;79529;LIMBO;79934;79944;7994,4
2669;32;79561;LIMBO;79966;79976;7997,6
2670;43;79604;LIMBO;80009;80019;8001,9
2671;27;79631;COBB;80036;80046;8004,6
2672;26;79657;COBB;80062;80072;8007,2
2673;24;79681;COBB;80086;80096;8009,6
2674;51;79732;LIMBO;80137;80147;8014,7
2675;38;79770;LIMBO;80175;80185;8018,5
2676;36;79806;LIMBO;80211;80221;8022,1
2677;62;79868;LIMBO;80273;80283;8028,3
2678;112;79980;LIMBO;80385;80395;8039,5
2679;47;80027;LIMBO;80432;80442;8044,2
2680;27;80054;LIMBO;80459;80469;8046,9
2681;43;80097;LIMBO;80502;80512;8051,2
2682;31;80128;DL1;80533;80543;8054,3
2683;26;80154;DL1;80559;80569;8056,9
2684;98;80252;DL1;80657;80667;8066,7
2685;30;80282;DL1;80687;80697;8069,7
2686;38;80320;DL1;80725;80735;8073,5
2687;43;80363;DL1;80768;80778;8077,8
2688;36;80399;DL1;80804;80814;8081,4
2689;157;80556;DL1;80961;80971;8097,1
2690;26;80582;DL1;80987;80997;8099,7
2691;31;80613;DL1;81018;81028;8102,8
2692;19;80632;DL1;81037;81047;8104,7
2693;191;80823;DL1;81228;81238;8123,8
2694;58;80881;DL1;81286;81296;8129,6
2695;15;80896;DL1;81301;81311;8131,1
2696;32;80928;DL1;81333;81343;8134,3
2697;24;80952;DL1;81357;81367;8136,7
2698;23;80975;DL1;81380;81390;8139
2699;22;80997;DL1;81402;81412;8141,2
2700;30;81027;LIMBO;81432;81442;8144,2
2701;67;81094;LIMBO;81499;81509;8150,9
2702;21;81115;LIMBO;81520;81530;8153
2703;44;81159;LIMBO;81564;81574;8157,4
2704;42;81201;LIMBO;81606;81616;8161,6
2705;42;81243;LIMBO;81648;81658;8165,8
2706;27;81270;LIMBO;81675;81685;8168,5
2707;170;81440;LIMBO;81845;81855;8185,5
2708;56;81496;LIMBO;81901;81911;8191,1
2709;59;81555;LIMBO;81960;81970;8197
2710;178;81733;LIMBO;82138;82148;8214,8
2711;39;81772;LIMBO;82177;82187;8218,7
2712;33;81805;LIMBO;82210;82220;8222
2713;60;81865;LIMBO;82270;82280;8228
2714;40;81905;LIMBO;82310;82320;8232
2715;27;81932;LIMBO;82337;82347;8234,7
2716;92;82024;LIMBO;82429;82439;8243,9
2717;41;82065;LIMBO;82470;82480;8248
2718;22;82087;LIMBO;82492;82502;8250,2
2719;52;82139;LIMBO;82544;82554;8255,4
2720;54;82193;REAL;82598;82608;8260,8
2721;156;82349;REAL;82754;82764;8276,4
2722;149;82498;REAL;82903;82913;8291,3
2723;129;82627;REAL;83032;83042;8304,2
2724;42;82669;REAL;83074;83084;8308,4
2725;24;82693;REAL;83098;83108;8310,8
2726;32;82725;REAL;83130;83140;8314
2727;80;82805;REAL;83210;83220;8322
2728;52;82857;REAL;83262;83272;8327,2
2729;78;82935;REAL;83340;83350;8335
2730;55;82990;REAL;83395;83405;8340,5
2731;15;83005;REAL;83410;83420;8342
2732;45;83050;REAL;83455;83465;8346,5
2733;19;83069;REAL;83474;83484;8348,4
2734;32;83101;REAL;83506;83516;8351,6
2735;11;83112;REAL;83517;83527;8352,7
2736;20;83132;REAL;83537;83547;8354,7
2737;22;83154;REAL;83559;83569;8356,9
2738;34;83188;REAL;83593;83603;8360,3
2739;115;83303;REAL;83708;83718;8371,8
2740;22;83325;REAL;83730;83740;8374
2741;26;83351;REAL;83756;83766;8376,6
2742;24;83375;REAL;83780;83790;8379
2743;95;83470;REAL;83875;83885;8388,5
2744;14;83484;REAL;83889;83899;8389,9
2745;39;83523;REAL;83928;83938;8393,8
2746;92;83615;REAL;84020;84030;8403
2747;61;83676;REAL;84081;84091;8409,1
2748;56;83732;REAL;84137;84147;8414,7
2749;112;83844;REAL;84249;84259;8425,9
2750;36;83880;REAL;84285;84295;8429,5
2751;23;83903;REAL;84308;84318;8431,8
2752;29;83932;REAL;84337;84347;8434,7
2753;40;83972;REAL;84377;84387;8438,7
2754;25;83997;REAL;84402;84412;8441,2
2755;45;84042;REAL;84447;84457;8445,7
2756;17;84059;REAL;84464;84474;8447,4
2757;240;84299;REAL;84704;84714;8471,4